506.9711,259.6335
541.9257,259.9420
577.2787,260.0536
612.0290,260.2669
647.2376,260.3448
681.9949,260.6000
717.1205,260.9959
751.6260,261.4674
786.3141,261.7911
820.9670,262.2516
855.4908,262.5693
889.7783,263.2068
506.8374,294.9893
541.8766,295.1604
576.8099,295.3561
611.8667,295.5584
646.6704,295.7505
681.5772,296.0958
716.1977,296.3110
751.0003,296.4737
785.5187,296.9550
819.9004,297.3903
854.4008,298.0151
888.7677,298.3309
511.0000,325.0000
541.6715,330.3596
576.6675,330.2729
611.5222,330.4704
646.3437,330.5728
681.0677,330.9495
715.7075,331.2106
750.1090,331.5747
784.6587,331.7745
819.1366,332.3054
853.4164,332.6115
887.6027,333.1463
513.0000,368.0000
541.5780,365.0469
576.3262,365.2725
611.3671,365.4092
645.7978,365.5790
680.6234,365.8249
715.1586,366.1791
749.6074,366.2829
783.8021,366.7476
818.3233,366.9870
852.3890,367.5882
886.4921,367.8501
506.6345,399.8921
541.3378,400.0345
576.1535,399.9888
610.7954,400.2573
645.6193,400.3332
680.0713,400.4555
714.5979,400.5916
748.9341,400.8978
783.3866,401.1933
817.4811,401.6114
851.5359,401.9653
885.5495,402.4304
506.2935,434.4805
541.3791,434.4863
575.7940,434.6301
610.5214,434.6459
645.1873,434.7926
679.7517,434.8106
713.9823,435.1721
748.4130,435.3484
782.6159,435.8080
816.8107,436.0373
850.7940,436.3892
884.7804,436.5663
506.1799,468.8714
540.8697,469.0497
575.6873,469.0298
610.0426,469.1448
644.8330,469.1654
679.1750,469.3835
713.6367,469.3691
747.7176,469.6918
781.9835,469.9957
815.9235,470.2599
849.9717,470.4770
883.8914,470.8281
506.0034,503.3880
540.7533,503.2863
575.3696,503.4683
609.8340,503.3817
644.1976,503.4716
678.7375,503.3253
712.9610,503.7048
747.2745,503.7725
781.3218,504.2025
815.5151,504.3030
849.3291,504.5372
883.4295,504.8500
505.9007,537.5531
540.4408,537.5439
575.1904,537.5459
609.5184,537.7122
643.9434,537.6688
678.2641,537.7931
712.6191,537.7106
746.4671,538.0494
780.7260,538.1231
814.7961,538.3730
848.6584,538.5035
882.4839,538.7510
505.6557,571.8519
540.3891,571.7567
574.7299,571.8785
609.2950,571.6393
643.4912,571.7909
677.8611,571.7135
712.0019,572.0408
745.9615,571.8511
779.9740,572.1548
813.9916,572.1913
847.8966,572.4143
881.8221,572.5481
509.0000,600.0000
539.9593,605.6523
574.5590,605.5562
608.9044,605.5767
643.3181,605.4862
677.4461,605.5714
711.5912,605.4831
745.4056,605.6888
779.4906,605.6898
813.4071,605.9876
847.3282,606.0760
881.2126,606.2782
509.0000,645.0000
539.8081,639.3323
574.1713,639.3910
608.5389,639.2907
642.7666,639.3454
676.9797,639.1215
710.9505,639.2266
744.9174,639.2623
778.8663,639.4236
812.7379,639.4437
846.6400,639.7486
880.4076,639.8100
505.2968,673.2074
539.6101,673.1733
573.9212,672.9664
608.1864,673.0278
642.2582,672.7227
676.3519,672.8033
710.3952,672.7199
744.3100,672.8062
778.3280,672.8672
812.0322,673.0247
845.8959,673.1296
879.7905,673.4012
511.0000,710.0000
539.5259,706.7397
573.6726,706.7903
607.8191,706.6381
641.9150,706.6111
675.9192,706.4637
709.7640,706.4565
743.8000,706.3720
777.6102,706.4494
811.6024,706.5286
845.3776,706.5956
879.1881,706.7889
509.0000,736.0000
539.2453,740.8251
573.4748,740.6520
607.6234,740.5986
641.7248,740.5764
675.6253,740.3921
709.6158,740.3530
743.4104,740.2524
777.2635,740.2576
811.1163,740.2667
844.7003,740.5010
878.4552,740.6212
511.0000,778.0000
539.1960,774.6074
573.2412,774.5531
607.3689,774.3574
641.3350,774.3402
675.3310,774.1048
709.0435,774.1190
742.9189,773.9503
776.6682,774.1779
810.4233,773.9951
844.0346,774.2234
877.7899,774.2673
509.0000,803.0000
538.7163,808.2748
572.8652,807.8950
606.8293,807.9308
641.0749,807.7295
674.6927,807.5666
708.5658,807.3802
742.3403,807.3380
775.9508,807.3102
809.7625,807.4489
843.5214,807.3644
877.1740,807.6384
510.0000,845.0000
538.5184,841.5439
572.5219,841.4233
606.5385,841.0652
640.3922,840.9215
674.4114,840.6586
708.0576,840.9316
741.7647,840.4283
775.5026,840.5812
809.3141,840.4303
842.7838,840.6301
876.3952,840.6052
504.2256,874.9576
538.1128,874.7664
572.1970,874.4478
606.0396,874.3641
639.9962,874.2126
673.7792,874.0939
707.6113,873.7737
741.2555,873.8100
774.9668,873.6398
808.5977,873.7527
842.1090,873.6947
875.6837,874.0074
503.9219,908.3327
537.8473,907.8451
571.8006,907.8790
605.7960,907.4824
639.6503,907.3680
673.4294,907.1198
707.0289,906.9002
740.6856,906.5582
774.2856,906.7847
807.8327,906.6092
841.4776,906.6951
875.0077,906.7057
503.7511,941.1958
537.7060,940.9794
571.5997,940.5829
605.4765,940.4730
639.3666,940.3125
672.8606,940.0536
706.4772,939.8204
740.1544,939.7996
773.6321,939.6059
807.1862,939.6816
840.7448,939.5564
874.0370,939.8301
503.5787,974.1177
537.5498,973.6987
571.3135,973.5036
605.0205,973.1248
638.7116,972.9374
672.4762,972.6755
705.9602,972.6202
739.5291,972.3219
773.1184,972.3419
806.5540,972.2504
839.8360,972.3463
873.3639,972.2675
503.4391,1006.6547
537.3145,1006.3696
571.0158,1006.1742
604.7666,1005.9642
638.2137,1005.6922
671.8094,1005.4586
705.4150,1005.1499
738.8817,1005.1129
772.4127,1004.8465
805.7091,1004.8586
839.2708,1004.8132
872.5468,1004.9050
503.2881,1039.4756
536.9869,1039.0991
570.7455,1038.6912
604.2592,1038.5170
637.8402,1038.2946
671.4398,1037.9570
704.8502,1037.8948
738.3351,1037.6011
771.7174,1037.5616
805.1316,1037.3981
838.3569,1037.5074
871.7175,1037.3721
503.0883,1072.0793
536.7309,1071.7120
570.4222,1071.3105
603.8737,1071.0731
637.5073,1070.6599
670.8630,1070.5267
704.2806,1070.2810
737.5898,1070.2148
771.0312,1069.8624
804.2572,1069.9432
837.6042,1069.7915
870.7583,1069.8260
502.9240,1104.3288
536.4831,1104.0315
570.0449,1103.6031
603.5876,1103.2712
637.1065,1102.9507
670.4467,1102.7801
703.7379,1102.5361
737.2086,1102.2712
770.2878,1102.2304
803.5625,1102.1010
836.7243,1102.0081
869.9351,1101.8823
502.5744,1136.5147
536.3237,1136.3196
569.7745,1135.9499
603.2984,1135.6541
636.5905,1135.2131
669.8616,1134.9350
703.2567,1134.6037
736.4413,1134.4946
769.6782,1134.2604
802.8342,1134.2025
835.8996,1134.1019
869.0757,1134.1044
502.5215,1168.6709
535.9222,1168.3525
569.4599,1168.1400
602.7736,1167.6549
636.2127,1167.4611
669.4969,1167.1984
702.6557,1166.7290
735.7294,1166.3862
769.0450,1166.3640
802.0689,1166.1918
835.1638,1166.1153
868.1772,1165.9286
502.2047,1200.8536
535.6937,1200.5107
569.1980,1200.2055
602.5320,1199.8692
635.7412,1199.5061
669.0715,1199.0953
701.9407,1198.7358
735.2721,1198.5214
768.3295,1198.3166
801.3911,1198.1996
834.3192,1198.0173
867.3441,1197.9868
502.0731,1232.7593
535.5202,1232.4559
568.8083,1232.1118
602.0344,1231.6693
635.4876,1231.4175
668.5149,1230.9930
701.5356,1230.6686
734.5080,1230.2688
767.5990,1230.1801
800.5547,1229.8964
833.5829,1229.9160
866.4167,1229.5437
501.9160,1265.0409
535.4039,1264.6157
568.5944,1264.3804
601.7837,1263.9917
635.1040,1263.5508
667.9674,1262.9569
701.0714,1262.7628
734.0330,1262.3336
767.1888,1262.3782
800.2046,1262.2532
833.1248,1262.2151
865.6581,1261.6814
585.1501,265.1016
613.7930,264.0566
643.5300,262.7738
673.3562,261.7495
703.5621,260.4601
734.1348,259.4596
765.3000,258.2543
796.8609,257.2738
828.9390,256.0388
861.2431,255.1141
894.1178,254.0436
927.2761,253.0256
585.2827,299.7941
614.1620,298.6431
643.6049,297.9207
673.5663,296.7436
703.6648,296.0806
734.5890,295.0144
765.3565,294.3332
796.8304,293.3246
828.6885,292.4726
861.1107,291.5973
893.5133,290.9489
926.9911,290.1589
585.1482,333.8118
614.0406,333.2042
643.5755,332.3239
673.3899,331.7450
703.5327,330.9069
734.1284,330.4347
765.4321,329.7056
796.5916,329.1593
828.6461,328.3760
860.6244,328.0788
893.2754,327.5107
926.4024,326.8526
584.9025,368.0192
613.9645,367.4286
643.2741,366.9736
673.2192,366.4017
703.2109,366.0324
733.8046,365.5385
764.3779,365.2500
796.1344,364.6461
828.0449,364.5761
859.9716,364.1490
892.8000,364.0356
925.9310,363.6076
584.9202,401.8865
613.5617,401.7456
642.9737,401.2657
672.5533,401.0865
702.7278,400.7716
732.8355,400.5364
764.1148,400.4280
795.5049,400.3322
827.5425,400.2135
859.5521,400.1795
892.3315,400.1327
925.2927,400.1586
584.4806,435.7674
613.5612,435.5183
642.4463,435.5721
672.3238,435.4410
702.2922,435.4674
732.5978,435.4624
763.4134,435.5735
795.1304,435.5222
826.5315,435.8741
858.9419,435.7950
891.3950,436.1869
924.2418,436.3115
584.2776,469.3058
613.1425,469.5552
642.4100,469.6061
671.7437,469.8167
701.7737,469.9002
732.1844,470.2442
762.9120,470.2593
794.3387,470.6742
825.8050,470.9536
857.8405,471.4962
890.5377,471.9366
923.2694,472.2785
583.8481,502.8523
612.7072,503.0751
641.7650,503.6121
671.5077,503.8818
701.4391,504.2976
731.0592,504.2965
762.2765,505.1392
793.7681,505.7117
825.2517,506.3682
856.8018,506.6853
889.4512,507.5266
921.9581,508.2197
583.5238,536.2512
612.1825,536.7795
641.5408,537.3186
671.0247,538.0716
701.1472,538.5327
731.2159,539.2148
761.6917,539.9277
793.0803,540.5187
824.5040,541.3088
855.7050,542.2542
888.4627,542.9434
920.9142,544.0663
582.9062,569.6412
612.0019,570.3067
641.0730,571.1804
670.6118,571.8600
700.5044,572.6319
730.7866,573.4314
760.6523,574.4851
792.3462,575.1848
823.6497,576.4019
855.5275,577.3459
887.3654,578.4190
919.6907,579.4194
582.5336,602.5810
611.4484,603.6349
640.5526,604.5093
670.1166,605.5914
699.8968,606.5449
730.1361,607.7366
760.2833,608.6071
791.4734,609.9814
822.8659,610.9801
854.4117,612.4129
886.3457,613.5374
918.5641,614.9000
582.0534,635.7682
611.0732,636.6520
639.9619,638.0667
669.6083,639.1770
699.3692,640.4902
728.3345,641.4403
759.7623,642.8752
790.7837,644.2599
821.7888,645.8493
853.4006,647.0752
885.2478,648.7112
917.4594,650.2349
581.6580,668.4914
610.3407,670.0992
639.6723,671.3728
668.9881,672.7372
697.8174,674.0425
728.5746,675.6688
759.2675,676.8946
789.7547,678.7017
820.9064,680.2554
852.1123,682.2062
884.0316,683.6325
915.8205,685.6713
581.2233,701.6710
610.0606,702.9657
638.9896,704.5985
668.3936,706.2093
697.6668,708.0635
728.0916,709.6268
758.3333,711.3311
789.1100,713.0153
819.9548,714.8000
851.2836,716.6003
882.8296,718.6456
914.7455,720.6452
580.8505,734.8008
609.4593,736.4642
638.4267,738.2750
667.7340,740.2145
697.4710,742.0886
727.3448,743.8355
757.4121,745.6298
788.0600,747.5235
819.2234,749.7747
850.0007,751.7314
881.6599,754.1763
913.4849,756.2007
580.2418,767.6909
609.0012,769.6904
637.8047,771.6104
667.2812,773.6329
696.7518,775.8277
725.6917,777.5776
756.8769,780.0179
787.3450,782.0916
818.0556,784.4371
848.9938,786.5051
880.3221,789.1401
912.0645,791.6146
579.6029,800.3444
608.3694,802.5168
637.3932,804.5954
666.5052,806.8412
695.7086,809.2089
725.8159,811.5106
755.7486,813.7080
786.1883,816.4044
816.8161,818.4678
847.6838,821.3405
879.0807,823.9011
910.4030,826.5542
579.2210,832.9706
607.7840,835.3233
636.5006,837.7409
665.8869,840.0796
695.4292,842.4570
725.0153,844.9571
754.2352,847.8279
785.2373,850.1243
815.8302,852.9713
846.4297,855.5430
877.7050,858.4681
908.8137,861.3867
578.6792,865.4506
607.1840,868.0826
635.8415,870.4199
665.1354,873.1719
694.6385,875.7621
724.0512,878.4502
753.8249,881.2794
784.0585,884.2075
814.7548,886.8965
845.2278,890.1783
876.3498,892.8620
907.5182,896.2478
578.1414,897.9583
606.6551,900.4376
635.5242,903.3644
664.3172,906.0634
693.7018,908.9832
722.5812,911.9270
752.9437,914.7672
783.1879,917.8655
813.4604,921.0102
844.0064,924.1623
874.9239,927.5359
906.1636,930.7331
577.7237,930.0766
606.0571,932.9794
634.8688,935.9884
663.6349,938.8852
692.4785,941.9366
722.3412,945.0664
751.9994,948.1343
782.0052,951.5932
812.2952,954.6707
842.9373,958.2014
873.7590,961.6677
904.7206,965.3394
577.3996,962.1901
605.6362,965.0651
634.1334,968.3213
662.9643,971.4400
692.0456,974.6191
720.5228,977.9169
750.8968,981.5406
781.1357,984.7519
811.2426,988.4576
841.4015,991.8809
872.4156,995.7141
903.5010,999.5089
576.8677,993.9605
605.1891,997.3104
633.5942,1000.5357
662.2155,1004.1834
690.3569,1007.3691
720.6437,1010.9211
750.1651,1014.4609
779.9028,1018.3018
810.0712,1021.8062
840.5302,1025.8119
871.1606,1029.6635
902.0273,1033.7103
576.4403,1025.9365
604.6194,1029.3293
633.0089,1032.7969
661.2389,1036.3206
690.4543,1040.1774
719.7490,1043.6647
749.3518,1047.5703
779.0079,1051.3004
808.8672,1055.4579
839.3073,1059.3082
869.8524,1063.5469
900.7708,1067.6937
575.9947,1057.6246
603.8786,1061.3641
632.2651,1064.8713
660.8322,1068.6494
689.6262,1072.5204
718.7928,1076.4811
747.6925,1080.3249
777.8389,1084.4431
807.8166,1088.5133
837.8669,1092.7074
868.6394,1097.1619
899.3721,1101.7054
575.5786,1089.1521
603.5114,1092.8864
631.6117,1096.8100
660.0716,1100.7088
688.7917,1104.8433
717.2077,1108.8553
747.1026,1113.2206
776.6961,1117.2124
806.7416,1121.7853
836.7336,1125.9748
867.3078,1130.6054
897.9886,1135.2164
575.0395,1120.5254
602.7579,1124.5481
630.9188,1128.5866
659.3443,1132.8351
687.8874,1136.9507
717.1387,1141.4315
745.8428,1145.6332
775.7493,1150.1468
805.5995,1154.5870
835.6834,1159.3292
865.7294,1164.0001
896.5867,1168.8190
574.5396,1152.0858
602.1894,1156.1129
630.2940,1160.4612
658.5231,1164.5500
687.1516,1169.2617
715.1214,1173.5930
745.2367,1178.2103
774.6200,1182.6572
804.4553,1187.6420
834.0695,1192.2256
864.7715,1197.3196
895.1668,1202.1345
573.9686,1183.3220
601.5464,1187.8708
629.5435,1192.1154
657.6607,1196.7468
686.0352,1201.1880
715.0188,1206.0452
744.1052,1210.5321
773.6375,1215.5886
803.3326,1220.3387
833.2698,1225.4534
863.5076,1230.3564
894.1177,1235.7057
573.4813,1214.4435
600.8888,1219.0287
628.8141,1223.6917
656.8959,1228.3124
685.2781,1233.2046
713.7497,1237.9767
743.0778,1242.8419
772.4964,1247.7377
802.0135,1252.9459
831.8321,1258.1207
861.9087,1263.6003
892.6150,1268.7535
572.8457,1245.9425
600.0097,1250.6071
627.6535,1255.5413
655.7727,1260.4081
684.6665,1265.3179
713.2028,1270.2708
742.0670,1275.4939
771.3097,1280.3679
800.3473,1285.8870
829.7623,1291.3771
859.8379,1297.0403
891.1203,1302.3051
485.7969,238.4193
524.5250,238.4954
563.8028,238.5751
602.7661,238.9504
641.8578,239.0185
680.7612,239.2901
719.5820,239.4674
758.4957,240.0689
797.3759,240.1265
835.8952,240.6554
874.7560,240.8996
913.3940,241.6720
485.5306,277.7195
524.6377,277.8811
563.4624,278.1699
602.5090,278.1843
641.4527,278.3949
680.3238,278.6335
718.9752,278.9675
757.6972,279.1342
796.3504,279.7813
835.0088,279.9301
873.5436,280.4467
911.8449,280.7974
485.6782,316.7556
524.4913,316.8198
563.4608,316.9219
602.0919,317.2065
640.9891,317.2803
679.5775,317.4760
718.3379,317.7664
756.8558,318.2034
795.5316,318.4183
833.8271,318.8605
872.4105,319.3568
910.7470,319.8546
485.5425,355.6829
524.3474,355.7011
562.9676,355.8806
601.8626,356.0224
640.3582,356.2965
679.2897,356.2113
717.6274,356.6339
756.2270,356.7631
794.6382,357.3300
833.1765,357.6485
871.2451,358.0898
909.4577,358.4067
485.6045,394.2471
524.1304,394.3978
562.8728,394.3321
601.4545,394.5452
640.1846,394.7178
678.5765,394.9198
717.2065,395.0861
755.5441,395.4498
793.7294,395.7252
831.9315,396.1731
870.2239,396.4969
908.2903,396.8533
485.3565,432.7033
523.9913,432.7137
562.6136,432.7523
601.2358,432.7605
639.6774,433.0457
678.2329,433.2279
716.5287,433.4780
754.9224,433.6190
793.1600,434.1552
831.3619,434.3853
869.3432,434.7361
907.5550,435.1581
485.2523,470.8661
523.7555,470.9533
562.3321,470.9561
600.7145,471.1594
639.3941,471.0740
677.5967,471.4986
715.9936,471.4817
754.1468,471.9131
792.4611,472.0663
830.3218,472.4604
868.3456,472.7343
906.3957,473.2708
485.0866,509.0561
523.6107,509.0515
561.8726,509.1253
600.3752,509.1906
638.6649,509.3539
677.0710,509.0224
715.3541,509.6602
753.4942,509.7538
791.6069,510.1105
829.8122,510.3047
867.6422,510.5894
905.6643,511.0318
485.0557,546.8392
523.1793,546.8785
561.7490,546.9861
599.9218,547.1750
638.5286,547.1702
676.5700,547.4030
714.8054,547.1439
752.7204,547.7283
791.0015,547.6281
828.9799,548.2849
866.8778,548.3446
904.6330,548.7304
484.6361,584.7196
523.3799,584.7848
561.3354,584.8325
599.6701,584.6526
637.8036,584.8359
676.2510,584.8401
714.1246,585.2504
752.1026,585.0349
790.0029,585.5371
828.0258,585.6986
866.0089,586.1851
903.7892,586.3321
484.6497,622.2499
522.7934,622.3244
561.2282,622.1904
599.4004,622.4303
637.5530,622.3723
675.5782,622.4989
713.6988,622.4785
751.5083,622.6345
789.5145,622.7693
827.3864,623.2325
865.2179,623.4130
902.8817,623.8396
484.3166,659.7635
522.5307,659.5536
560.7702,659.7101
598.9140,659.6909
637.1114,659.7889
674.7950,659.4781
712.9231,660.0074
750.7491,659.9631
788.7353,660.2905
826.5577,660.4630
864.2960,660.7277
902.0759,660.9455
484.2030,696.9104
522.2963,697.0079
560.5138,696.8581
598.5687,696.9357
636.3081,696.8215
674.3582,697.1341
712.3147,697.0510
750.0238,697.3840
787.9692,697.4716
825.6383,697.8022
863.6287,698.0219
901.2932,698.3624
483.9612,734.3607
522.1996,734.3737
560.1138,734.4011
598.1277,734.2728
635.9981,734.5011
673.9214,734.2985
711.6565,734.4393
749.6150,734.4752
787.1992,734.6324
825.1062,734.7735
862.6082,735.2458
900.4184,735.4269
483.9765,772.0710
521.7175,771.9794
559.9130,771.9470
597.7812,771.8456
635.8107,771.9261
673.4455,771.9103
711.3706,772.0167
748.9966,772.0087
786.7226,772.1611
824.4293,772.3642
861.8939,772.6010
899.5555,772.8355
483.7487,809.2371
521.7464,809.2443
559.5688,809.1972
597.5211,809.1472
635.3725,809.2809
672.9465,809.0074
710.7043,809.2654
748.4622,809.2006
786.0248,809.5605
823.7090,809.5413
861.1224,809.9897
898.8645,810.2623
483.5556,846.1926
521.4651,846.3264
559.4120,846.0995
597.0708,846.2379
634.9520,846.1125
672.4527,846.1999
710.1179,846.0906
747.6897,846.3574
785.3100,846.3224
822.9206,846.4984
860.5333,846.7411
897.6668,847.2520
483.3652,883.0577
521.2150,883.0417
558.8532,883.1149
596.7004,882.8870
634.3560,882.9379
671.9199,882.8242
709.5814,883.2626
746.9086,882.8627
784.6268,883.3152
822.0103,883.3141
859.6086,883.8665
896.9923,883.9207
483.2502,919.8771
520.7798,919.7921
558.5741,919.6110
596.1180,919.7741
633.7888,919.6055
671.4122,919.6607
708.9928,919.6502
746.4071,919.8094
783.8077,919.8495
821.2870,920.2277
858.6794,920.2704
896.0153,920.5834
482.9857,956.3881
520.5302,956.3101
558.2431,956.3400
595.7729,956.2733
633.3033,956.2921
670.7295,956.1548
708.1909,956.2959
745.6613,956.2192
783.1010,956.4324
820.6013,956.4010
857.6534,956.9107
895.2555,956.9933
482.7236,992.6255
520.2512,992.7134
557.7914,992.5591
595.3654,992.5481
632.7933,992.4888
670.2333,992.5161
707.6143,992.4586
744.9618,992.5787
782.4001,992.5299
819.6026,992.9597
856.8661,993.1292
894.0918,993.6274
482.5520,1028.9292
520.0674,1028.7509
557.4748,1028.6937
595.0103,1028.5274
632.3320,1028.6760
669.6707,1028.6618
707.0467,1028.6464
744.2054,1028.6021
781.5518,1028.7885
818.8022,1028.8975
855.9441,1029.4026
893.3061,1029.5897
482.3571,1064.8432
519.7345,1064.7389
557.1552,1064.6682
594.6007,1064.6826
631.6111,1064.5957
669.0811,1064.5897
706.2687,1064.6042
743.5352,1064.7585
780.7096,1064.7518
817.8417,1065.0298
855.0925,1065.1901
892.2130,1065.7706
482.0627,1100.8765
519.5570,1100.7543
556.8247,1100.5923
594.0225,1100.5815
631.4187,1100.6080
668.5297,1100.4145
705.7206,1100.5355
742.7268,1100.5414
779.8367,1100.8719
816.8424,1100.6589
853.9328,1101.3057
891.0718,1101.4377
481.9622,1136.6971
519.3646,1136.5186
556.5602,1136.4771
593.6635,1136.5007
630.7944,1136.3425
667.7755,1136.4962
704.8150,1136.2781
741.8791,1136.4939
779.0884,1136.4921
816.0827,1136.6521
852.9850,1136.7133
890.0913,1137.2205
481.8145,1172.2576
518.9281,1172.0551
556.0117,1172.0764
593.2897,1171.9519
630.3022,1171.9069
667.2699,1171.9664
704.2717,1172.0569
741.3054,1171.8073
778.0604,1172.1283
815.1597,1172.0709
851.9886,1172.3885
888.9852,1172.4833
481.5771,1207.5425
518.8245,1207.6270
555.7995,1207.4778
592.9487,1207.3143
629.7800,1207.1813
666.7197,1207.3088
703.5343,1207.2245
740.5507,1207.2578
777.3735,1207.2820
814.1270,1207.6256
851.0132,1207.7170
887.8375,1208.1125
481.4773,1242.7598
518.4688,1242.7264
555.4777,1242.6227
592.3468,1242.5212
629.4115,1242.5920
666.0273,1242.6456
702.9509,1242.4689
739.6547,1242.4481
776.5943,1242.5559
813.2723,1242.6267
850.1277,1242.8640
886.7348,1242.9641
481.2195,1278.1396
518.0842,1278.1023
555.0822,1277.9951
591.9006,1277.9150
628.7790,1277.8446
665.6219,1277.8497
702.1002,1277.6339
738.9463,1277.8765
775.7209,1277.7761
812.4428,1278.0732
849.0152,1278.0699
885.7442,1278.3248
481.0924,1312.8809
517.7944,1312.9313
554.6857,1312.7477
591.4996,1312.6566
628.3982,1312.7916
664.9774,1312.6608
701.6887,1312.5854
738.1411,1312.4504
774.8830,1312.6481
811.4327,1312.6494
848.1207,1313.1434
884.6183,1313.0409
480.8671,1348.4031
517.6883,1348.3330
554.3500,1348.3893
591.2386,1348.2291
627.8374,1348.0452
664.2384,1347.8855
700.9622,1347.9727
737.4879,1347.8483
774.2906,1348.2942
810.9469,1348.4155
847.4122,1348.5580
883.6627,1348.3544
512.8374,233.9673
547.2262,232.6144
582.6566,231.2015
618.4548,230.0439
655.1081,228.4910
691.5870,227.3672
728.6667,225.9793
766.1332,224.9212
804.5227,223.6814
843.2402,222.4598
883.0357,221.2976
923.5130,220.2857
513.3273,274.3402
547.9209,273.1784
583.2404,272.2389
619.3391,271.2056
655.4025,270.0810
692.4072,269.2292
729.2974,268.3378
767.1045,267.2994
804.9648,266.5507
843.6123,265.5791
882.2303,264.6663
922.1285,264.0371
513.7646,314.2006
548.2873,313.5478
583.5692,312.6282
619.1663,312.0902
655.5995,311.2105
691.8476,310.5729
729.4857,309.9643
767.1524,309.3522
805.6263,308.6121
843.8935,308.3083
882.7979,307.6150
921.7622,307.1645
513.9335,354.1923
548.6488,353.5752
583.5455,353.2118
619.3282,352.5695
655.3170,352.2032
692.0725,351.6859
728.5220,351.5460
766.8201,351.0238
804.9736,350.8319
843.5121,350.5317
882.6590,350.3824
922.4893,350.0173
514.2970,393.7240
548.4376,393.4863
583.6764,393.2545
619.0485,393.1434
655.3500,392.9101
691.3271,392.7948
728.5390,392.4622
766.2790,392.5915
804.5895,392.4815
843.0145,392.5984
882.1178,392.4584
921.6975,392.7064
514.2209,433.1540
548.6710,433.1684
583.5064,433.1877
619.1044,433.1528
654.9065,433.4555
691.2841,433.2364
728.0247,433.6005
765.7566,433.7551
803.6987,434.1744
842.4564,434.2543
881.3588,434.7135
921.0701,435.1567
514.3114,472.2614
548.5317,472.5367
583.6566,472.8377
618.8062,473.2181
654.6883,473.3843
691.0857,474.0355
727.8254,474.3291
765.5005,474.7314
803.4066,475.1469
841.6263,475.8988
880.5354,476.4855
919.6185,477.1866
514.1108,511.3067
548.5436,511.7850
583.2093,512.4037
618.7469,512.7968
654.3935,513.5159
690.0223,513.7240
727.3224,514.7449
764.8822,515.4884
802.7660,516.3007
840.4161,517.1273
879.5331,518.2589
918.7277,518.9207
514.0105,550.1336
548.3309,550.8567
583.2515,551.6923
618.4814,552.4433
654.3638,553.3932
690.1935,554.3225
726.9514,555.0710
764.2388,556.3345
802.1317,557.0917
839.5442,558.4174
878.6387,559.4370
917.4260,560.7376
513.7424,588.8621
548.4731,589.9177
582.9995,590.8249
618.2945,591.9128
653.8908,593.0699
690.1505,594.1910
725.9272,595.4739
763.8029,596.5021
801.3705,597.9931
839.4333,599.1720
877.3956,600.5809
916.3615,602.2046
513.7949,627.2160
548.0332,628.4782
582.9590,629.7618
617.9397,631.1682
653.6937,632.3701
689.7154,633.8859
725.7825,635.2400
763.0714,636.6411
800.5376,638.2623
838.4644,640.0724
876.6189,641.5799
915.1653,643.4229
513.6134,665.5808
547.8411,666.7923
582.5229,668.5311
617.6535,670.0878
653.2485,671.7744
687.9936,673.1613
725.4791,674.9969
762.3853,676.5964
799.6173,678.5120
837.4371,680.2960
875.5376,682.4503
913.9231,684.3827
513.5385,703.6182
547.6548,705.3726
582.4549,707.0987
617.3841,709.0626
651.9506,710.5177
688.5193,712.6641
725.1197,714.4716
761.7034,716.5869
798.6801,718.5388
836.1920,720.8889
874.4357,722.9924
912.5831,725.4938
518.7684,742.0656
547.6020,743.8856
581.8821,745.9152
617.1375,747.8066
651.9647,750.0465
688.2943,752.0906
724.3027,754.3342
760.9538,756.3940
797.8677,758.7782
835.4889,761.1855
873.2706,763.9472
911.3905,766.3292
513.1641,780.1596
547.2381,782.4321
581.7406,784.6299
616.6879,786.9186
652.0849,789.4011
687.6268,791.6237
723.4115,794.0847
760.1695,796.5164
797.1779,799.1807
834.3908,801.7712
872.0484,804.7150
909.9535,807.4919
512.7611,818.2773
547.0664,820.6541
581.4198,823.3056
616.3901,825.7575
651.5488,828.4482
686.2560,830.7263
723.1347,833.6190
759.5465,836.2569
796.2480,839.4136
833.2877,842.0960
870.6636,845.4214
908.7151,848.4636
512.6533,855.8903
546.5935,858.6322
581.2132,861.3762
615.8638,864.2161
650.5950,866.9850
686.3935,869.9979
722.3053,872.7097
758.5037,875.9746
795.1489,878.7987
831.9282,882.3388
869.5805,885.4926
907.0983,889.0356
512.3556,893.5600
546.3588,896.4291
580.5900,899.4621
615.4906,902.4265
650.3894,905.5632
685.7824,908.5395
720.8584,912.2635
757.6374,915.0726
794.1664,918.5498
830.7292,921.8643
868.1045,925.6942
905.4014,929.1800
512.1921,930.8996
545.9330,934.1465
580.2519,937.1642
614.8017,940.4979
649.8647,943.7961
685.0271,947.3618
720.3194,950.5533
756.6219,954.2330
793.0695,957.7834
829.6650,961.5884
866.8087,965.4025
904.0319,969.6323
512.0266,968.3038
545.7554,971.3829
579.8516,975.1265
614.4133,978.4468
649.2176,982.1435
683.5174,985.7318
719.8110,989.4623
755.6656,993.0245
791.9099,997.1346
828.5470,1000.9053
865.5389,1005.2803
902.8003,1009.2283
511.7936,1005.1913
545.5088,1008.7850
579.4784,1012.4250
613.8655,1016.2368
648.0597,1020.1276
683.6153,1023.8386
718.9619,1027.6553
754.6980,1031.8922
790.7569,1035.9136
827.4260,1040.1781
864.0545,1044.5058
901.3093,1049.1884
511.8544,1041.9536
545.4240,1045.8056
579.2140,1049.6379
613.5044,1053.5406
647.9199,1057.7244
681.8652,1061.6932
717.9234,1066.1231
753.7551,1070.1650
789.7954,1074.6146
825.6426,1078.8934
862.9457,1083.7488
899.7898,1088.3376
511.6167,1078.4828
545.0818,1082.5568
578.7683,1086.6245
612.8925,1090.8472
646.3893,1095.2020
682.1927,1099.5051
717.4181,1103.8761
752.7686,1108.4921
788.6492,1113.0560
825.0286,1117.8313
861.4557,1122.5889
898.5988,1127.7292
511.5484,1115.0470
544.8364,1119.3120
578.4792,1123.6683
611.9274,1128.0495
646.7547,1132.5020
681.4812,1137.0612
716.5934,1141.8738
751.9048,1146.3906
787.5781,1151.5355
823.7381,1156.2585
860.3308,1161.5248
897.1406,1166.6168
511.4080,1151.3854
544.6127,1155.9614
577.9037,1160.3850
611.8942,1165.1145
646.1119,1169.7186
680.6751,1174.6924
715.1619,1179.4438
750.9479,1184.5130
786.6485,1189.4919
822.5876,1194.6835
859.0416,1200.1254
895.8676,1205.6204
511.2339,1187.4323
544.1741,1192.1145
577.6075,1196.8484
611.4464,1201.6243
645.6114,1206.6532
679.2491,1211.8505
714.7075,1216.7476
749.8671,1221.9054
785.5193,1227.4652
821.2484,1232.6185
857.6980,1238.3093
894.4232,1244.0258
511.1517,1223.3044
543.8213,1228.2732
577.2959,1233.2147
610.8325,1238.3127
644.9272,1243.3873
679.2389,1248.7069
713.6055,1254.0568
749.0659,1259.5200
784.3663,1264.9263
820.3414,1270.6084
855.9904,1276.4233
892.9542,1282.4513
510.8399,1258.9906
543.4959,1264.0522
576.7675,1269.3701
610.2652,1274.5239
644.1635,1280.1981
677.3329,1285.6196
712.9714,1290.9855
747.8400,1296.5182
783.4505,1302.5043
818.7675,1308.3326
855.3066,1314.3871
891.5345,1320.4381
510.5873,1294.6158
543.2636,1300.2094
576.2525,1305.4351
609.6087,1311.0483
643.3085,1316.6257
677.6006,1322.2537
712.1329,1327.8644
747.1816,1334.0238
782.3720,1339.7001
817.8123,1346.0853
853.9598,1352.0912
890.3189,1358.5426
510.2926,1330.1000
542.6369,1335.6528
575.7330,1341.3534
609.1048,1346.8776
642.8452,1352.7335
676.5577,1358.7065
711.1729,1364.6554
745.8496,1370.5259
781.3091,1376.9010
816.6449,1383.2600
852.1665,1389.9377
888.8470,1396.2526
509.8708,1365.7465
542.2322,1371.6053
574.8605,1377.5715
608.1716,1383.4564
642.0162,1389.3640
676.0009,1395.2783
710.1597,1401.6809
744.9408,1407.7208
779.4559,1414.5544
814.4720,1421.2865
850.3676,1428.1006
887.2598,1434.3433
340.1325,196.6787
386.5867,197.3849
433.4362,197.3896
479.6947,198.1957
526.3419,198.4541
572.3780,199.2970
618.9428,199.7828
664.9817,200.5950
711.2844,201.0360
757.0869,201.8279
802.9456,202.5377
847.9430,203.7047
340.2476,243.8168
387.0438,244.3668
433.2627,244.8376
479.6665,244.9706
526.0358,245.4881
572.1701,246.0352
617.7735,246.9377
663.9094,247.3161
709.6647,248.1879
755.5605,248.4878
801.3168,249.6464
847.0776,250.3442
340.6502,290.4808
387.0626,290.9829
433.3207,291.1302
479.4567,291.5802
525.7111,291.8242
571.6288,292.4224
617.6207,293.0173
662.8491,293.6471
708.5957,294.2225
753.7715,295.0560
799.7020,295.6334
845.1652,296.4929
340.7371,337.0252
387.1850,337.0927
433.1705,337.5593
479.4200,337.8249
525.1922,338.2203
571.3617,338.4630
616.9147,339.2699
662.4011,339.7358
707.6006,340.3445
753.2548,340.7671
798.0621,341.6758
843.4210,342.2395
341.1453,382.9081
387.1117,383.2217
433.2173,383.3199
478.9508,383.7985
524.9867,384.0139
570.5745,384.3918
616.3038,384.6608
661.7679,385.4303
706.8932,385.9383
751.8305,386.5617
797.1866,387.1002
841.7286,387.8144
341.1150,428.6685
387.3359,428.8566
432.8186,429.0823
478.9276,429.2011
524.5022,429.5513
570.2207,429.8159
615.5349,430.2776
661.1088,430.6052
706.0591,431.3889
751.1746,431.6230
795.8059,432.3362
840.8090,432.6665
341.2055,474.0453
386.9759,474.3496
432.9911,474.3942
478.4698,474.5497
524.1601,474.6196
569.4803,475.1000
615.2182,475.3423
660.0894,475.8578
705.6076,476.1292
749.9176,476.7083
794.8889,477.0710
839.5823,477.7249
341.1686,519.2935
387.0753,519.3856
432.5066,519.4865
478.1663,519.6136
523.5648,519.7465
569.0267,519.6220
614.3536,520.1959
659.6221,520.4063
704.4149,520.8195
749.6083,521.3332
793.7311,522.0140
838.6052,522.3347
341.3726,564.1910
386.7724,564.1096
432.5063,564.2558
477.7859,564.4719
523.4086,564.5205
568.4769,564.6419
613.6929,564.6457
658.5475,565.0661
703.5594,565.3174
748.5565,566.0267
792.9018,566.1531
837.4728,566.6844
341.2012,608.8758
387.0345,608.9140
432.0621,608.9937
477.6533,608.8320
522.6836,609.1205
568.1396,609.1142
612.9389,609.6265
657.9763,609.3654
702.5940,609.8347
747.5414,610.0539
792.0815,610.5473
836.4907,610.7092
341.3794,653.3569
386.5817,653.3459
432.0363,653.2296
477.2152,653.3217
522.4308,653.2987
567.4091,653.3553
612.4945,653.4395
656.8510,653.6670
701.6760,653.7861
746.2534,654.2496
791.0256,654.3630
835.3474,654.6310
341.2687,697.4560
386.6095,697.2835
431.7880,697.3262
476.8692,697.2039
521.9131,697.3413
566.6051,697.1308
611.5508,697.3815
656.3353,697.4136
700.8487,697.8863
745.5312,697.9506
789.8279,698.3604
834.3019,698.4717
341.3046,741.4172
386.3929,741.2848
431.6124,741.2321
476.4794,741.2543
521.3006,741.0064
566.1697,741.1303
610.8566,741.0750
655.4663,741.2149
700.0746,741.3165
744.4391,741.7018
788.9251,741.7639
833.1342,742.3389
341.2705,785.3664
386.3137,785.2672
431.3936,785.0872
476.2628,785.0094
521.0319,785.0872
565.7445,784.8471
610.0827,784.8823
654.7990,784.8087
699.1859,785.0616
743.6623,785.1472
787.7872,785.5427
831.9718,785.8033
341.3174,829.6169
386.0804,829.4339
431.0822,829.2915
475.8162,829.1983
520.8216,829.1425
565.2589,829.1537
609.8744,828.9312
654.1974,828.8294
698.4131,828.9166
742.7929,829.1382
787.0413,829.4391
831.0468,829.7228
341.3343,873.4836
386.1862,873.2704
430.9657,873.1697
475.7019,872.9852
520.2637,872.8555
564.6179,872.5443
609.1479,872.5644
653.4466,872.4020
697.6550,872.7322
741.7754,872.6268
785.8090,873.1516
829.9474,873.2318
341.2841,916.8273
385.9101,916.6959
430.6172,916.2885
475.1727,916.2927
519.7355,916.1992
564.1046,916.0082
608.5052,915.8458
652.6554,915.9509
696.8158,915.7485
740.9051,916.1202
785.0265,916.0715
828.8058,916.4921
341.1974,960.1262
385.7596,959.7141
430.3680,959.6290
474.9132,959.2684
519.3874,959.1039
563.6990,958.8908
607.7844,959.2034
651.7822,958.6467
695.9722,958.9292
739.9240,958.7904
783.8386,959.1127
827.7126,959.3480
341.2277,1002.9747
385.5654,1002.7403
430.0217,1002.3409
474.4890,1002.2532
518.7745,1001.8911
563.1642,1001.8018
607.1270,1001.6058
651.1135,1001.6188
695.1231,1001.5022
739.2029,1001.7181
782.7423,1001.7108
826.4944,1002.2749
341.2397,1045.8029
385.5169,1045.3375
429.7991,1045.1630
474.1690,1044.7476
518.3580,1044.6548
562.4164,1044.4240
606.3532,1044.3607
650.3616,1044.1276
694.1755,1044.2401
737.9652,1044.1694
781.6615,1044.4487
825.3828,1044.3809
341.1307,1088.1447
385.4778,1087.8440
429.6170,1087.4536
473.9308,1087.2421
517.8814,1087.1530
561.8839,1086.7529
605.7790,1086.5360
649.5862,1086.5084
693.3337,1086.3007
737.1004,1086.5059
780.5150,1086.4852
824.1181,1086.8654
341.1874,1130.2462
385.4216,1129.8324
429.5388,1129.4761
473.4917,1129.2551
517.5185,1128.9408
561.2489,1128.9118
605.2548,1128.6479
648.6184,1128.3293
692.4427,1128.3625
735.7152,1128.2289
779.5015,1128.4470
822.9016,1128.3910
341.1240,1172.1156
385.2477,1171.6918
429.1846,1171.3864
473.3952,1170.9971
516.9007,1170.9995
560.7057,1170.5442
604.3702,1170.3083
647.8898,1170.2256
691.4326,1170.2290
734.8640,1170.2635
778.2020,1170.2131
821.5488,1170.4574
341.3304,1213.7915
385.2717,1213.4073
429.0832,1213.0377
472.6350,1212.7179
516.5870,1212.4514
560.0262,1212.1708
603.6339,1211.9049
646.9586,1211.7375
690.4431,1211.8000
733.6659,1211.5135
777.2256,1211.6692
820.3192,1211.7190
345.0000,1250.0000
385.1570,1254.7983
428.7761,1254.5332
472.4928,1254.2601
515.8678,1253.8580
559.5844,1253.6394
602.8351,1253.3876
646.0882,1253.1498
689.5327,1252.8113
732.6097,1252.7648
775.7820,1252.7380
818.9958,1252.8378
341.3685,1296.3169
385.0007,1295.8528
428.6188,1295.5245
471.9961,1294.9954
515.6147,1294.8181
558.9224,1294.6892
602.3034,1294.3596
645.3846,1294.0344
688.6125,1293.9266
731.5377,1293.7990
774.6851,1293.8507
817.6033,1293.7781
341.4439,1337.1248
385.1286,1336.7073
428.3394,1336.4285
471.7511,1336.1302
515.2126,1335.5931
558.4046,1335.3361
601.5319,1335.0940
644.6937,1334.6368
687.5873,1334.5034
730.5607,1334.4471
773.4268,1334.4474
816.2944,1334.4410
341.5165,1377.8148
384.8857,1377.4288
428.2039,1376.8986
471.4340,1376.5995
514.6779,1376.3798
557.7025,1376.3098
600.8637,1375.6191
643.6638,1375.2222
686.6874,1375.0819
729.4267,1374.9475
772.2230,1374.7617
814.8657,1374.6239
341.4389,1418.2842
384.8597,1418.0505
427.8434,1417.5283
471.2789,1417.1769
514.2306,1416.7505
557.3166,1416.3567
599.9527,1416.1191
643.0439,1415.8557
685.6645,1415.4348
728.5162,1415.3041
770.9883,1415.0817
813.6442,1415.0900
341.6351,1458.4116
384.5917,1458.1686
427.7799,1457.7080
470.8091,1457.2427
513.8509,1456.7632
556.6822,1456.6017
599.5439,1456.1593
641.9805,1455.7538
684.6767,1455.5306
727.3614,1455.3173
769.9114,1455.3923
812.3229,1454.9885
341.7285,1499.0372
384.7525,1498.6683
427.7137,1498.3921
470.6936,1497.9105
513.5509,1497.2831
556.1676,1496.6710
598.8647,1496.5747
641.4610,1496.1436
684.0589,1496.3514
726.7260,1496.3131
769.0516,1496.2601
811.2819,1495.3947
353.5907,178.3709
395.5765,176.7582
439.0542,174.3745
483.2381,172.9216
528.3201,170.7627
574.7810,169.3453
620.2496,167.3341
667.1776,165.6242
715.1801,163.6555
763.7560,161.9382
813.8270,160.0672
865.3177,158.5918
354.8562,229.4597
397.3875,227.8484
440.6042,226.4729
484.6889,224.6020
528.8197,223.4302
574.8270,222.0456
621.9286,220.9102
668.7181,219.2448
716.2400,218.2335
764.8422,216.4794
813.5446,215.4414
863.6104,214.1677
358.0000,274.0000
398.4500,278.7304
441.9214,277.3045
485.6767,276.3012
530.8654,275.1569
574.9251,274.1536
621.7918,273.3905
669.5914,272.5725
717.8826,271.5786
765.7890,270.6158
815.1063,269.8326
863.9196,269.2784
356.4712,329.4540
399.2670,328.5770
441.9881,328.0851
486.4071,327.3133
530.8080,326.6268
576.5715,325.8000
621.1064,325.6098
669.2491,325.1192
717.3560,324.7930
765.6217,324.1363
815.1339,324.0846
865.4150,323.3881
357.4226,378.7901
399.4780,378.5154
442.6762,378.1094
486.3993,378.1084
531.2132,377.6762
575.7573,377.5557
622.5898,377.1751
667.8675,377.3038
717.2902,377.3705
765.2141,377.3285
814.5988,377.3003
864.4385,377.4941
357.6227,427.9340
400.1048,427.9233
442.6344,428.1295
486.8085,427.9948
531.0625,428.3494
575.8143,428.3488
622.0601,428.6853
668.2295,428.9146
715.7247,429.5279
764.8981,429.7979
813.5245,430.4448
863.5337,430.8099
358.1097,476.6291
400.2251,477.1306
443.3979,477.5500
486.7032,478.0152
531.1088,478.3065
575.8864,479.0749
621.4838,479.7439
668.5045,480.3644
714.6060,481.3012
763.7146,482.2150
812.8152,482.7938
861.9605,484.0532
358.3623,525.1183
400.5531,525.8828
443.1646,526.6846
486.8066,527.4902
530.9487,528.3489
575.2194,528.8277
621.2008,530.3387
668.1734,531.3009
714.9985,532.6331
762.1396,533.8305
811.6042,535.2767
861.0142,536.5102
358.5034,573.2594
400.4611,574.3686
443.3755,575.4597
486.7489,576.7869
531.0752,578.1241
575.4993,579.2811
621.3432,580.5443
667.6639,582.2314
714.8787,583.6111
761.2580,585.6019
810.6971,587.1229
859.4819,588.9372
358.5017,621.2524
400.8732,622.6453
443.3396,624.3975
486.8588,625.6776
530.8059,627.4660
575.7432,629.0015
620.0680,631.0301
667.1820,632.5194
713.9878,634.7255
761.7168,636.5295
808.8799,638.8521
858.2618,640.8643
358.8572,668.7615
400.7928,670.5321
443.5230,672.4693
486.6533,674.3702
530.8105,676.5073
575.2675,678.3887
619.9773,680.6203
666.2450,682.9037
713.3259,685.1025
760.4486,687.6225
808.4099,690.1211
856.6809,692.7985
358.8665,716.0549
400.7836,718.0343
443.3324,720.5457
486.6375,722.7921
530.3927,725.2606
573.6172,727.4297
619.7678,730.1133
665.7824,732.5363
712.1790,735.5002
759.4235,738.0989
807.0991,741.2051
855.4151,744.0253
359.0917,763.1855
400.7893,765.7751
443.4742,768.3583
486.3238,771.1568
529.0836,773.5793
574.2141,776.5209
619.4413,779.2441
664.9106,782.4472
711.1469,785.4468
758.0620,788.7775
805.6396,791.8994
853.7836,795.5870
359.0723,810.1909
400.9687,813.0809
443.1530,816.2837
486.2861,819.1757
529.3423,822.2988
574.1128,825.3362
618.7248,828.6135
664.3113,831.9062
710.2275,835.4911
756.9488,838.9487
804.1822,842.7646
852.2821,846.6097
359.2247,857.6669
400.7739,860.8549
443.0888,864.1791
485.9544,867.5888
529.5049,871.0720
573.4659,874.5283
617.7455,878.1289
663.4323,881.8464
709.4247,885.7618
755.6769,889.5907
803.0001,894.0737
850.4249,898.1242
359.2209,904.3905
400.8789,908.0532
442.9316,911.7314
485.9489,915.5692
529.2151,919.3859
571.8423,923.1637
617.5693,927.2958
662.7528,931.1863
708.4077,935.7149
754.5897,939.8866
801.3768,944.5026
849.0386,949.3134
359.2078,950.8198
400.6294,954.7267
442.8228,958.6754
485.5026,962.9203
528.1577,967.1185
572.2892,971.3956
616.6060,975.5913
661.5944,980.3279
706.9473,984.6614
752.9736,989.7440
799.7424,994.4913
846.9824,999.7480
359.2454,996.8868
400.5621,1001.3246
442.4884,1005.7591
485.1986,1010.0938
528.2491,1014.5275
571.6366,1019.1780
615.2358,1024.3566
660.6000,1028.6558
706.0368,1033.9795
751.4529,1038.9371
798.1431,1044.3794
844.9009,1049.9105
359.3425,1042.8823
400.5145,1047.5610
442.3298,1052.1023
484.7804,1057.0049
527.7383,1061.7214
571.2409,1066.8246
614.6404,1071.9239
659.5639,1077.2159
704.6644,1082.3445
750.2157,1088.2029
796.5548,1093.7151
843.3603,1100.0593
359.4022,1088.4753
400.6233,1093.3375
442.1896,1098.5361
484.3290,1103.5034
527.1976,1108.9476
569.4835,1114.3890
614.1747,1119.6588
658.5595,1125.0837
703.5890,1131.0587
748.9443,1136.7728
795.1732,1143.1498
841.6008,1149.2926
359.5607,1133.7156
400.5844,1138.9518
441.9134,1144.3391
484.0558,1149.9369
525.9599,1155.5959
569.8392,1161.0985
613.3398,1166.8208
657.5839,1172.9069
702.2368,1178.8494
747.6609,1185.3977
793.5247,1191.7859
839.8884,1198.4435
359.8337,1178.4873
400.4898,1184.1466
441.8503,1189.8513
483.7573,1195.6663
526.2594,1201.6505
567.7682,1207.7433
612.3203,1213.9297
656.5127,1219.9502
701.2263,1226.5363
745.6854,1233.1642
791.8760,1240.1061
838.1105,1247.0176
359.8440,1223.2262
400.6360,1228.9559
441.7510,1235.1617
483.5208,1241.3378
524.4438,1247.6995
568.4731,1253.8224
611.7523,1260.3011
655.7222,1267.1370
699.7348,1273.6989
745.0375,1280.8251
790.2592,1288.0526
836.4672,1295.6022
360.2062,1267.5046
400.5603,1273.7363
441.6647,1280.0328
482.7045,1286.5780
525.3421,1293.1293
567.7401,1299.6780
611.1273,1306.5785
654.6294,1313.5674
698.7057,1320.9994
743.4974,1328.0178
788.9701,1335.8593
834.7963,1343.3737
360.3383,1311.6058
400.7795,1318.1279
441.4817,1324.7473
482.8473,1331.6725
524.7289,1338.4709
567.2216,1345.6400
609.4472,1352.8192
653.7032,1360.0979
697.6370,1367.3983
742.3386,1375.1747
787.4138,1383.0135
833.2315,1391.1853
360.6148,1355.1320
400.6520,1361.9814
441.3373,1368.9941
482.5019,1376.1158
524.2740,1383.4513
565.4914,1390.9135
609.2025,1398.3257
652.4806,1405.7321
696.5580,1413.6943
740.5942,1421.5322
786.0250,1429.9673
831.5956,1438.3531
360.8868,1398.5625
400.7115,1405.8712
441.2403,1413.0443
482.0464,1420.5114
523.7307,1427.9049
565.9276,1435.6824
607.9307,1443.4559
651.7387,1451.4917
695.4453,1459.5446
739.7788,1467.9518
784.0360,1476.5995
829.8488,1485.2645
361.1209,1441.7764
400.5937,1449.1948
441.0505,1456.7855
481.7239,1464.5001
523.2192,1472.4507
563.8016,1480.7017
607.6130,1488.5327
650.5945,1496.6448
694.3690,1505.2261
737.8850,1513.9117
783.0964,1522.7690
828.0204,1531.7441
361.1676,1484.7567
400.6308,1492.5483
440.7041,1500.4641
481.4232,1508.5107
522.3771,1516.7572
564.3807,1524.8513
606.6152,1533.1547
649.7031,1541.9023
693.2202,1550.6716
737.0537,1559.6643
781.5437,1568.7416
826.7665,1578.3044
361.3229,1527.4056
400.3516,1535.5543
440.4843,1543.7234
481.0155,1551.9186
522.1283,1560.4167
563.2820,1569.0798
605.7179,1577.8766
648.5429,1586.4509
692.0382,1595.6635
735.5598,1605.0570
779.6766,1614.7700
824.9746,1624.2224
361.3046,1570.4336
400.1331,1578.8479
439.6904,1587.4648
480.2744,1595.8542
521.6073,1604.5300
563.1122,1613.3098
604.9892,1622.5165
647.5427,1631.5717
689.8573,1641.6279
733.0873,1651.5129
777.4173,1661.4346
823.1602,1670.7283
105.3903,129.5583
164.8686,130.9266
224.6430,131.4476
283.6042,132.4631
342.8176,132.5529
401.5267,134.2389
460.6635,134.6839
519.2008,135.7867
577.7853,136.3382
636.0495,137.3813
694.3544,137.9539
751.4948,139.5576
107.2866,191.0517
166.4355,191.2292
225.4874,192.3859
284.5369,192.5977
343.2919,193.4280
402.0539,193.5797
460.1210,195.0801
518.7856,195.3795
576.8338,196.6198
635.2422,196.8872
692.9512,197.8145
750.7440,198.6472
108.8643,250.5850
167.5399,251.3920
226.6563,251.5852
285.3021,252.2942
344.0666,252.3585
402.3658,253.1253
460.7908,253.7029
518.1356,254.5457
576.4915,254.9363
633.6203,255.7823
691.6554,256.4451
748.8981,257.5205
110.0824,310.1728
169.0639,310.4524
227.3626,310.5258
286.2438,310.7635
344.3430,311.5422
402.7909,311.3932
460.4786,312.1472
518.3302,312.4447
575.5289,313.4338
633.4602,313.9268
690.0255,314.5716
747.5853,315.2937
111.6785,368.5227
169.9115,368.6451
228.5212,368.7638
286.4965,369.2949
345.1924,369.4093
402.6783,369.6009
460.7882,369.9804
518.1973,370.4734
575.5190,370.9461
632.2887,371.4970
689.6673,372.0209
745.9136,372.6307
112.6271,426.4503
171.1534,426.5006
229.0692,426.6983
287.3859,426.5620
345.0197,426.9924
403.0204,426.8720
460.3778,427.3848
518.1820,427.5810
574.7888,428.0938
632.0350,428.4509
688.4766,429.0891
745.4817,429.4141
114.1366,484.0547
171.7168,483.7559
230.1867,484.0300
287.5581,484.0330
345.6649,483.9966
402.8098,484.2131
460.6101,484.1581
517.4444,484.3598
575.1412,484.6097
630.9210,485.0100
687.8961,485.3964
743.9256,485.8458
114.8045,541.0497
172.9968,540.7910
230.3252,540.6857
288.3455,540.7436
345.4250,540.4993
402.9331,540.2024
460.3651,540.6234
517.4970,540.6012
573.8964,540.8291
631.0694,541.0572
686.7263,541.5463
743.4243,541.6046
116.2264,597.6327
173.1748,597.1588
231.3491,597.2430
288.4218,597.0792
346.0564,596.8876
402.8816,596.6711
460.1209,596.5184
516.6816,596.6342
573.6068,596.4491
629.9889,597.1379
686.3065,597.0605
742.2352,597.5020
116.7965,653.6406
174.6792,653.5645
231.4374,653.1721
289.1579,652.9294
345.8123,652.6650
403.1140,652.3063
459.5748,652.6361
516.4825,652.0734
572.7701,652.3870
629.4630,652.2482
685.5445,652.7054
741.5745,652.6988
118.0846,709.5012
174.9976,709.1187
232.2807,708.6910
289.1015,708.4654
346.3786,708.2302
402.9309,707.9902
459.6256,707.6721
515.8284,707.6077
572.4338,707.3129
628.5294,707.4832
684.7119,707.4958
740.4212,707.9724
118.6478,764.6401
175.8470,764.2733
232.5816,763.9806
289.6313,763.6282
346.2804,763.3138
402.5984,762.8975
459.0551,762.6108
515.5911,762.2954
571.6333,762.4536
627.8223,762.0731
683.6669,762.4626
739.6249,762.2555
119.7213,819.8022
176.1505,819.3276
233.3445,818.9487
289.7252,818.5590
346.0047,818.1558
402.6995,817.6934
459.0859,817.3249
514.9544,817.0941
571.3325,816.8204
627.0084,816.8901
682.9218,816.7740
738.4608,817.1216
120.5332,874.6002
177.3074,874.3824
233.5419,873.7315
290.1032,873.1745
346.2920,872.9547
402.7111,872.2952
458.6334,871.9294
514.6476,871.4458
570.5190,871.3782
626.3434,871.2047
682.0162,871.3816
737.6100,871.2596
121.5969,929.9325
177.6792,929.2569
234.2835,928.7289
290.4315,928.3202
346.8929,927.8596
402.7015,927.3098
458.6449,926.9447
514.5803,926.2167
570.2176,926.0039
625.9417,925.9894
681.2856,926.0436
736.5115,925.9169
122.2702,984.3471
178.6801,983.8744
234.6347,983.3751
290.8998,982.6870
346.8345,982.2260
402.4650,981.7825
458.4375,981.1610
514.0513,980.4464
569.7209,980.4813
625.1901,980.1295
680.3075,980.1769
735.6374,980.1469
123.1490,1038.3076
179.2169,1037.5758
235.0752,1036.8533
290.9408,1036.4368
346.8253,1035.9779
402.4366,1035.2554
458.1334,1034.7385
513.7540,1034.4375
569.0106,1033.9636
624.4630,1034.0430
679.5142,1033.5999
734.4272,1033.9883
124.0063,1091.8224
179.8353,1091.0852
235.6807,1090.4812
291.4084,1089.8734
346.8863,1089.2594
402.4290,1088.5685
457.8246,1088.6106
513.2363,1087.5784
568.5024,1087.4106
623.6182,1087.0112
678.5612,1087.0156
733.5346,1086.8346
124.8571,1144.7515
180.2896,1144.2540
236.0842,1143.3906
291.5826,1142.8685
346.9159,1142.0858
402.4517,1141.6429
457.5807,1141.1216
512.6489,1140.5804
567.8766,1140.1423
622.9515,1140.0961
677.6846,1139.7621
732.4091,1139.8899
128.7823,1202.8020
181.2454,1196.7050
236.5015,1196.2467
291.7960,1195.4192
347.1685,1194.9050
402.1963,1194.4835
457.3749,1193.7494
512.1865,1193.0004
567.4178,1192.7662
621.9797,1192.4365
676.7914,1192.5394
731.2692,1192.2860
126.3990,1249.5513
182.0199,1248.9722
236.9987,1248.1383
292.3569,1247.4679
347.2646,1247.2013
402.2781,1246.3671
457.1432,1245.6501
511.8866,1245.2997
566.5576,1244.7085
621.3559,1244.6068
675.7123,1244.3044
730.1520,1244.4266
127.6705,1301.3081
182.7549,1300.4557
237.7546,1299.7350
292.5446,1298.9906
347.6042,1298.4484
401.8499,1298.2356
457.0058,1297.5477
511.4774,1296.6224
565.9889,1296.4956
620.3264,1296.1267
674.7646,1295.9912
728.9700,1295.7153
128.4823,1352.4895
183.5611,1351.7471
238.1674,1351.0613
293.2346,1350.4005
347.3685,1350.1267
402.1690,1348.9561
456.6238,1348.3508
511.2919,1348.0651
565.3983,1347.5729
619.7270,1347.2146
673.6857,1346.9222
727.8145,1346.8436
129.7181,1403.5800
184.3123,1402.8191
238.8714,1402.0190
293.2304,1401.4061
347.8339,1400.6038
402.0885,1399.9342
456.5012,1399.4083
510.5259,1398.7142
564.8388,1398.6021
618.6246,1397.9622
672.8065,1397.7916
726.5085,1397.5748
133.2603,1449.1285
185.1974,1453.3372
239.5484,1452.5283
293.7913,1451.9271
348.1017,1451.1545
402.1142,1450.5591
456.0134,1450.0956
510.2469,1449.3721
564.1219,1448.8367
617.9890,1448.4800
671.6031,1448.1119
725.3569,1448.0017
131.6603,1504.3000
185.7333,1503.3260
240.1258,1502.6746
294.1599,1501.8375
348.3450,1501.1555
402.1438,1500.8763
456.0944,1499.9116
509.7422,1499.2494
563.5591,1498.7257
617.0900,1498.3489
670.6610,1498.0215
724.0056,1497.6639
132.6464,1554.0317
186.7220,1553.2592
240.7444,1552.4044
294.7232,1551.7260
348.5049,1550.6995
402.2687,1550.1580
455.7190,1549.6309
509.5504,1548.8074
562.9345,1548.1937
616.4044,1547.7220
669.4910,1547.6171
722.7342,1547.2697
133.6026,1603.5111
187.5293,1602.5569
241.4568,1601.7937
295.0488,1600.9185
348.8205,1600.2909
402.0403,1600.1544
455.6709,1598.7943
508.9082,1598.1167
562.3983,1597.7061
615.4475,1597.2272
668.6395,1596.5447
721.4935,1596.3198
134.4594,1652.7799
188.2791,1652.0853
241.7899,1651.0460
295.5662,1650.2736
348.9392,1649.5350
402.3497,1648.6764
455.4161,1647.7976
508.7493,1647.1002
561.6720,1646.5756
614.7789,1646.1332
667.4875,1645.5862
720.2460,1645.2078
135.5005,1701.6946
189.0888,1700.9867
242.4665,1699.9418
295.7086,1699.0011
349.2604,1698.1902
402.0897,1697.6306
455.3763,1696.7267
507.9328,1695.6787
561.1522,1695.1859
613.7404,1694.5735
666.5613,1694.6042
719.1597,1693.6978
136.3153,1751.0869
189.7836,1750.2606
243.2025,1749.5542
296.2145,1748.4800
349.4843,1747.1823
402.1698,1746.2588
455.3138,1745.7744
507.8775,1744.7853
560.5841,1744.8044
613.4666,1744.6699
665.9173,1744.2865
718.0954,1742.8184
572.3476,263.4715
598.3436,262.1201
625.6630,260.4807
653.4464,259.1982
681.4003,257.6569
710.7588,256.4147
739.0469,254.8123
768.1236,253.6788
798.1207,252.0829
828.8887,250.6957
860.5027,249.4568
892.9068,248.0702
572.9361,298.4205
599.2570,297.2376
626.0642,296.1868
653.6480,294.8605
681.4666,293.7793
710.4358,292.4901
740.1151,291.6548
769.5577,290.3902
799.1591,289.4928
829.5214,288.2384
860.5522,287.1739
892.9942,286.1439
573.0712,332.8250
599.5533,332.1609
626.8025,331.2529
654.3326,330.3516
682.5285,329.3776
710.2817,328.5074
739.5656,327.6553
769.7742,326.8711
799.9873,326.1921
830.2281,325.4455
860.8829,324.5311
892.4391,323.9567
572.8632,367.5399
599.7047,366.8131
626.4566,366.3129
654.2606,365.6297
682.3400,364.8981
710.9558,364.3228
739.2755,363.9275
769.3817,363.3008
799.5307,362.8231
829.6780,362.3366
860.8424,362.0171
892.3001,361.4085
572.8674,401.8245
599.3330,401.5558
626.3734,401.0328
653.8562,400.6785
681.9872,400.3933
710.3499,400.2247
739.0863,399.7446
768.9852,399.5648
799.2151,399.2696
829.4911,399.1712
860.4892,398.8687
891.6966,398.8046
572.5185,436.1059
599.3527,435.8983
626.0140,435.8978
653.8042,435.6496
681.6942,435.7224
709.3897,435.4552
738.1781,435.6044
768.5107,435.5821
798.1514,435.6611
828.9241,435.6267
859.6545,435.9179
890.9135,435.9672
572.3569,470.1599
598.9343,470.3262
626.0328,470.3356
653.5452,470.4491
681.4002,470.4435
709.7473,470.8687
738.4082,471.1169
767.7035,471.5058
797.6016,471.6978
827.9587,472.2233
858.9232,472.3528
889.9541,472.8775
571.9765,504.0959
598.6061,504.2776
625.6434,504.6620
653.3571,505.1278
680.9945,505.6509
708.3684,505.7308
737.6822,506.5526
767.5602,507.0121
797.2584,507.6280
826.6941,508.2942
857.9175,509.1141
888.9691,509.7822
571.6439,537.7500
598.2163,538.4712
625.4392,538.9972
652.6593,539.8488
680.5841,540.5609
708.5911,541.0825
737.4409,541.7633
766.9354,542.6275
796.7191,543.5192
825.7941,544.5420
857.0412,545.3797
887.7095,546.4374
571.3497,571.5910
598.1525,572.3441
624.8569,573.3177
652.4920,574.1394
680.2110,575.1379
708.5599,576.0132
736.3311,577.0805
766.2312,578.0838
795.8293,579.3094
825.8257,580.3777
855.7251,581.7281
886.6474,582.8236
570.9515,604.8788
597.6827,606.2045
624.5801,607.2187
651.9177,608.4621
679.8285,609.6274
707.8665,610.7744
735.9229,612.1142
765.5796,613.4386
795.1196,614.6649
824.9471,616.2829
855.0520,617.6659
885.5869,619.2351
570.6046,638.4313
597.2569,639.5980
624.1399,641.0970
651.5818,642.4323
679.3672,644.0923
706.1291,645.1823
735.8379,646.8831
764.9513,648.4090
794.0812,650.2882
823.9026,651.8721
853.7869,653.6943
884.2213,655.3943
570.1546,671.6272
596.6213,673.2561
623.7710,674.9648
651.1200,676.5657
677.7070,678.0767
706.6676,679.9872
735.3659,681.6351
763.9396,683.6411
793.2064,685.5150
822.6158,687.4630
852.8004,689.3188
883.0083,691.8066
569.6879,704.9914
596.5164,706.7159
623.2579,708.7066
650.6066,710.5628
677.8613,712.5344
706.2988,714.5317
734.5680,716.5353
763.4010,718.5002
792.3201,720.7597
821.7069,722.9688
851.5830,725.5563
881.6696,727.7751
569.4336,738.5381
595.8812,740.4706
622.7754,742.6833
650.0442,744.8823
677.7178,747.1460
705.4140,749.4997
733.2715,751.4840
762.3259,753.8951
791.4552,756.2250
820.6425,758.7357
850.4528,761.5753
880.3351,764.1135
568.8327,771.8515
595.5124,774.1799
622.2528,776.5430
649.6839,779.0378
676.9706,781.5796
703.6719,783.5413
733.0701,786.4365
761.6919,788.9935
790.4505,791.9510
819.5437,794.4342
849.1823,797.5180
878.9894,800.3953
568.3765,804.8364
594.7727,807.5497
621.7437,810.1277
648.8583,812.7409
675.8664,815.3320
703.8652,818.2302
732.1965,820.8586
760.6080,823.9505
789.2842,826.5915
818.1665,829.9837
847.8028,833.0317
877.3730,836.3149
567.7207,837.9229
594.4052,840.6367
621.0504,843.4697
648.2047,846.3315
675.6496,849.3444
703.2476,852.1646
730.5806,855.5354
759.5766,858.2905
788.3447,861.8192
816.9001,864.8353
846.3998,868.4599
875.6828,871.8893
567.5469,870.4773
593.7449,873.6950
620.6078,876.5795
647.6074,879.9222
675.0406,883.0410
702.3892,886.3279
730.0200,889.5422
758.5069,892.9577
787.2721,896.3688
815.8521,900.2126
845.1430,903.7255
874.2072,907.7272
567.1092,903.5095
593.5518,906.5626
619.8694,909.9617
646.8377,913.2477
674.1272,916.7424
700.7548,920.1145
729.4324,923.9361
757.4920,927.1999
785.8607,931.3030
814.7321,934.9580
843.6196,938.9954
873.0746,942.9645
566.6827,935.9016
592.9587,939.4596
619.5637,942.8249
646.1387,946.4784
672.8238,950.1968
700.9176,953.9401
728.5414,957.6199
756.5400,961.5873
784.9111,965.6340
813.5523,969.7499
842.4043,973.9555
871.5681,978.3353
566.3968,968.2368
592.4724,971.9778
618.8859,975.6627
645.6979,979.5793
672.5217,983.5856
698.9333,987.3351
727.3718,991.5369
755.6515,995.5559
783.7076,999.9785
811.7979,1004.0764
841.1666,1008.7119
870.2621,1013.1930
565.9127,1000.5179
591.8947,1004.4457
618.2890,1008.3162
644.9967,1012.4152
670.8002,1016.5211
699.1593,1020.7845
726.6638,1025.1132
754.5320,1029.6390
782.4538,1033.9283
811.2265,1038.6717
839.8421,1043.4653
869.1070,1048.3902
565.5723,1032.5316
591.5731,1036.7380
617.7291,1041.1432
643.7485,1045.2498
671.2144,1049.7928
698.3642,1054.0354
725.7777,1058.6785
753.6847,1063.3287
781.5656,1068.1583
810.0240,1072.9514
838.5958,1078.1502
867.6739,1083.1149
565.2920,1064.6797
591.2373,1069.1325
617.2310,1073.5415
643.5526,1078.1808
670.4091,1082.6364
697.3925,1087.5026
724.0928,1092.1130
752.5118,1097.0928
780.5690,1102.1389
808.7815,1107.2252
837.4797,1112.3870
866.4231,1117.8351
564.7905,1096.5469
590.6143,1101.1471
616.4746,1105.8320
642.8666,1110.4706
669.6576,1115.5208
695.5014,1120.3011
723.6179,1125.5258
751.4745,1130.5084
779.4045,1135.9937
807.3759,1141.0295
836.1001,1146.6128
865.0646,1152.3094
564.3320,1128.3262
589.8452,1133.2361
615.8973,1138.0212
642.1230,1143.1223
668.8459,1148.1454
695.6857,1153.4160
722.4557,1158.4672
750.4868,1164.0447
778.3329,1169.3615
806.5253,1174.9925
834.5653,1180.6544
863.6131,1186.5904
563.8516,1160.0408
589.4969,1164.9725
615.4339,1170.1787
641.4674,1175.3313
667.8680,1180.7012
693.3982,1185.8781
721.8146,1191.5918
749.3598,1197.0089
777.2477,1202.9022
804.8416,1208.6511
833.6254,1214.6277
862.2819,1220.6506
563.4688,1191.5472
588.8329,1196.8741
614.5818,1202.1725
640.7242,1207.7542
666.8383,1213.1935
693.7243,1218.7939
720.8812,1224.4594
748.3218,1230.3413
776.1296,1236.2668
804.1099,1242.4795
832.6203,1248.5402
861.2049,1254.9540
562.9628,1222.9540
588.0793,1228.5321
613.8664,1234.1145
639.7804,1239.6470
666.2175,1245.5535
692.5623,1251.2272
719.7696,1257.2699
747.4100,1263.1803
774.9932,1269.5078
802.7897,1275.6407
830.7303,1282.4120
859.7288,1288.7882
562.2073,1254.6826
587.3200,1260.4321
612.6852,1266.2894
638.7313,1272.2063
665.4271,1278.1838
692.0559,1284.0621
718.7800,1290.1812
746.0803,1296.3981
772.9867,1303.0015
800.1855,1309.6676
828.6316,1316.4625
858.0917,1322.9200
463.4536,216.0858
505.4957,217.2872
547.3207,217.9686
588.2480,218.9341
629.5262,219.8112
669.4321,221.0115
710.1904,221.9518
750.5698,223.2671
790.0971,224.1730
829.4572,225.4827
867.9639,226.4934
905.6796,227.7935
463.0673,259.8668
505.2486,260.4766
546.3914,261.3802
587.7628,262.1906
628.6576,262.8136
669.2836,263.7841
708.3980,264.7975
748.4290,265.7839
788.2326,266.7345
827.4549,267.7098
866.1352,268.6231
904.0689,269.7247
463.1176,303.0732
504.5228,303.6231
545.7131,304.0250
586.7597,304.7346
627.5718,305.3391
668.1765,306.3443
708.0512,306.8720
747.1650,308.0042
786.2688,308.4500
825.3973,309.6067
864.3129,310.3893
902.4883,311.2726
462.7218,345.9609
504.1978,346.3071
545.5058,346.7340
586.3462,347.2014
626.7309,347.8548
667.1382,348.3035
707.3109,349.0963
746.4147,349.6028
785.2509,350.3760
824.4073,350.9828
862.5769,351.8942
900.9760,352.3946
462.6519,388.5257
503.7485,388.9034
545.2137,389.1317
585.8159,389.4875
626.3946,389.8125
666.2627,390.3628
706.1875,390.4459
745.5269,391.2576
784.3275,391.6411
822.9854,392.3901
861.4791,392.8394
899.3399,393.5650
462.2306,430.8307
503.6911,431.0176
544.6158,431.2769
585.5814,431.3286
625.6045,431.6848
666.2531,431.8005
705.6998,432.2481
744.6682,432.5150
783.5413,432.9923
822.0263,433.2264
860.2984,433.9073
898.3662,434.2862
462.1269,472.9963
503.3428,473.2022
544.3906,473.0711
584.8366,473.1714
625.2791,473.1401
665.0490,473.3590
704.8907,473.4279
743.8998,473.7347
783.0653,473.6684
821.1833,474.3249
859.3516,474.3757
897.3994,474.8662
461.9089,515.1251
503.4127,514.7894
543.7780,514.9006
584.4292,514.5377
624.5094,514.5196
664.6265,514.1010
703.8819,514.5493
743.2087,514.3606
781.7736,514.6290
820.9337,514.5424
858.2189,514.9329
896.4937,514.9077
461.8961,556.7823
502.6699,556.5384
543.6703,556.2344
583.8111,556.2079
624.0589,555.7772
663.7980,555.5065
703.3198,555.2972
741.9852,555.2831
780.8860,555.1017
819.8048,555.1545
857.6074,555.0452
895.4758,555.2017
461.6286,598.5023
502.7033,598.0477
543.2583,597.7027
583.7005,597.1673
623.4914,596.7909
663.2231,596.2811
702.7518,596.2920
741.3998,595.6503
780.0992,595.6910
818.5847,595.3178
856.9122,595.4631
894.7123,595.0320
461.6219,639.7913
502.2520,639.2068
542.8635,638.5168
583.0510,638.1153
623.0169,637.4906
662.5356,637.0726
702.1380,636.4597
740.5376,636.1691
779.3711,635.6891
817.6242,635.4649
855.8358,635.2166
893.6108,634.8898
461.3598,681.1123
502.0434,680.1589
542.5013,679.5641
582.5973,678.6832
622.4524,678.2281
662.1721,677.3499
701.1379,676.8972
739.8993,676.2005
778.4386,675.9258
816.8854,675.2499
855.0761,674.9186
892.9077,674.4801
461.3756,721.9516
501.7478,721.1629
542.2502,720.1058
582.1826,719.3951
621.9194,718.3395
661.3177,717.9887
700.2845,716.8783
739.1935,716.3514
777.8622,715.5661
816.1733,715.2803
854.2269,714.4371
892.0488,714.2097
461.2372,763.0543
501.6634,761.9588
541.7928,761.1068
581.7692,760.0417
621.4644,759.1696
660.7178,758.1396
699.5808,757.2194
738.4904,756.3720
776.9286,755.6349
815.4887,754.6942
853.4220,754.4097
891.4314,753.6147
461.0998,804.3463
501.3594,803.1871
541.5857,802.0647
581.5033,800.9139
621.2082,799.9595
660.3029,798.7872
699.4428,797.5869
738.0351,796.5390
776.5564,795.7629
814.8351,794.7911
852.8065,794.1445
890.7381,793.3218
461.0209,845.2636
501.3751,844.0784
541.3694,842.6938
581.1902,841.3724
620.6910,840.2639
660.0239,838.8680
698.6577,837.7797
737.4538,836.4642
775.8223,835.7310
814.0715,834.5706
851.8471,833.9205
889.8279,832.9100
460.8468,885.7550
501.0387,884.4540
540.9319,882.8403
580.6378,881.6517
620.4064,880.2056
659.2506,878.9293
698.1560,877.5797
736.6873,876.3661
775.1443,875.1238
813.4599,874.2178
851.3381,872.9626
889.1537,872.2555
460.5838,926.2296
500.6930,924.5729
540.6509,923.1007
580.2746,921.5125
619.6650,920.1514
658.7455,918.4891
697.7211,917.4773
735.9695,915.7371
774.4703,914.5341
812.8732,913.4144
850.5166,912.2842
888.4251,911.0740
460.4966,966.3883
500.4327,964.7867
540.3060,962.8637
579.8141,961.4994
619.2216,959.7571
658.0466,958.2735
697.2690,956.4663
735.4313,955.2396
773.8829,953.7199
811.9216,952.5067
849.7768,951.1352
887.4975,950.0372
460.2076,1006.5607
500.1347,1004.5311
539.8488,1002.8159
579.4916,1000.9183
618.5919,999.4142
657.8180,997.6806
696.2767,996.1477
734.6861,994.2584
772.9988,992.9568
811.1279,991.3405
849.0549,990.0985
886.5748,988.5140
459.9449,1046.3203
499.8054,1044.3906
539.6334,1042.4049
578.9699,1040.5300
618.3329,1038.6274
657.1453,1036.7469
695.5701,1034.9052
733.9219,1033.3824
772.1888,1031.6747
810.1541,1030.1381
847.9023,1028.4733
885.5595,1027.3013
459.8641,1085.7594
499.6426,1083.7035
539.4366,1081.5955
578.6393,1079.5870
617.7898,1077.6565
656.8371,1075.8134
695.1982,1074.0169
733.3190,1071.7618
771.3569,1070.2505
809.5733,1068.3584
847.0050,1066.9114
884.6945,1065.3015
459.6727,1125.0883
499.5245,1122.7802
538.8329,1120.5547
578.2998,1118.6478
617.4304,1116.5153
655.7661,1114.4445
694.2213,1112.3658
732.4318,1110.5780
770.6529,1108.5134
808.3606,1106.8255
845.9802,1104.9095
883.5748,1103.5296
459.4470,1164.3461
499.2377,1162.0231
538.6563,1159.6858
577.5951,1157.4743
616.6428,1155.1879
655.1836,1152.8560
693.6793,1150.8170
731.7800,1148.5999
769.7518,1146.9438
807.5616,1144.7530
845.2332,1143.1610
882.5088,1141.3353
459.4185,1203.4301
498.9472,1200.7837
538.3097,1198.4924
577.4860,1196.2296
616.0842,1193.7611
654.6909,1191.5409
693.0914,1189.4021
731.1768,1187.0602
768.8532,1184.7722
806.5666,1182.9521
844.1592,1180.8696
881.4334,1179.0975
459.2840,1242.0742
498.6226,1239.3524
537.8571,1236.8999
576.8972,1234.3713
615.6690,1231.9723
654.2802,1229.7415
692.4995,1227.2960
730.2928,1224.7610
768.0814,1222.6752
805.7562,1220.4786
843.0248,1218.5375
880.3169,1216.4208
458.8813,1280.4094
498.4688,1277.9723
537.7174,1275.1920
576.5419,1272.6488
615.0793,1270.0460
653.5215,1267.6302
691.7300,1265.1100
729.5796,1262.6520
767.3486,1260.2305
804.7915,1258.1521
842.2049,1255.8014
879.2298,1253.9601
458.8245,1318.7820
498.0955,1316.0658
537.3692,1313.3306
576.0021,1310.5403
614.7091,1308.1284
653.3208,1305.6447
691.1381,1302.6632
728.6963,1300.2515
766.5564,1297.8868
803.9502,1295.4435
841.0667,1293.0459
877.9558,1290.7302
458.6303,1357.0068
497.9079,1354.3038
536.9782,1351.3831
575.7667,1348.6337
614.2104,1345.8904
652.5372,1343.0414
690.2820,1340.2717
728.1480,1337.7865
765.5256,1335.0959
802.9053,1332.7120
839.8583,1330.2228
876.8937,1327.9631
458.5542,1394.8822
497.7457,1392.0908
536.6180,1389.1348
575.3297,1386.3032
613.6800,1383.3488
651.9508,1380.5396
689.7906,1377.7008
727.2451,1374.7666
764.7941,1372.3755
802.0303,1369.6644
839.3710,1367.4387
875.8475,1364.6118
458.4947,1433.2412
497.7230,1430.4298
536.6046,1427.3796
575.3324,1424.2512
613.4715,1421.2430
651.2834,1418.1063
689.2470,1415.3771
726.7973,1412.3571
764.6696,1410.0166
802.0275,1407.4760
838.9304,1404.8032
873.0000,1396.0000
395.6261,191.1324
430.3171,188.8978
462.0000,192.0000
510.0000,190.0000
541.9511,181.1573
582.0360,179.0542
620.8240,176.4000
661.1213,174.1777
702.6088,171.4127
745.2816,169.2300
789.8439,166.3867
835.7334,163.9200
397.2907,239.8604
432.1884,237.6381
468.3727,235.9450
505.6217,233.8940
543.3075,232.0510
582.3706,230.0292
623.2007,228.3038
663.3794,226.1783
704.4297,224.4180
747.0321,222.2382
790.2878,220.5029
835.9453,218.4042
398.0810,287.3200
433.4463,286.2091
469.9502,284.4673
507.2108,283.2236
545.3992,281.7940
582.9260,280.3175
622.9352,278.8279
664.4886,277.7590
706.3908,276.2368
748.5376,275.0153
791.4533,273.5212
835.5945,272.2619
398.5395,334.9936
434.4267,333.9344
470.1967,333.0241
507.6991,332.1992
545.4080,331.3233
584.4352,330.1605
622.7530,329.6488
664.0222,328.5797
706.0551,328.0270
748.0713,326.8712
791.5540,326.4858
835.8932,325.5310
404.0000,374.0000
434.5105,381.6851
470.9556,381.2014
507.7234,380.6887
545.8997,380.4095
584.3083,380.0696
623.5447,379.3705
663.4799,379.4061
706.1269,379.0416
747.9879,378.8007
791.5248,378.5445
835.3144,378.4688
406.0000,434.0000
435.2383,428.9615
470.9388,429.1573
508.1384,428.8864
545.6541,429.0984
583.4600,429.2258
622.9920,429.4497
664.1063,429.5193
704.7599,430.0216
747.8951,430.0881
790.6796,430.5141
834.6880,430.7527
400.0827,475.6210
435.3487,476.0507
471.5726,476.5117
508.1965,476.9153
545.8357,477.3838
584.4094,478.2039
623.6317,478.6416
663.6099,479.4927
704.2331,480.1508
746.8242,481.0638
790.1850,481.8872
833.4467,482.8557
400.2589,521.9220
435.5100,522.6670
471.3982,523.6514
508.4192,524.5816
545.8971,525.5287
583.2564,526.2547
622.9417,527.8975
663.6767,528.9319
704.5290,530.2868
745.4076,531.5437
789.1553,533.0039
832.4875,534.4334
400.3953,568.0347
435.4563,569.2098
471.6180,570.6246
508.3656,572.0373
545.8377,573.6129
583.7748,575.0137
623.3073,576.4595
663.3865,578.2995
704.3698,579.9091
744.5806,582.0309
788.1641,583.8217
831.1577,585.9176
400.3520,613.8761
435.9280,615.6085
471.5765,617.4969
508.5271,619.1558
545.9138,621.2141
584.2836,623.0496
621.9136,625.3688
663.0938,627.3582
703.6029,629.7159
745.2251,631.9037
786.4261,634.5457
829.9717,636.8904
406.0000,653.0000
435.7889,661.4994
471.7400,663.5740
508.4520,666.1677
545.9015,668.5164
583.8449,671.0086
621.9468,673.3884
662.3753,676.1974
703.0111,678.6204
744.1155,681.6547
786.0508,684.5221
828.5603,687.7781
407.0000,709.0000
435.8534,707.0068
471.6578,709.9806
508.3309,712.6011
545.4889,715.5695
582.0212,718.2570
621.9432,721.4295
661.8602,724.4597
701.8744,727.7833
743.1723,731.0079
784.6573,734.6107
827.1469,738.1070
406.0000,744.0000
435.5533,752.6502
471.6350,755.8900
507.9977,759.1840
544.0751,762.2125
583.1401,765.7339
621.8268,769.1923
661.0481,772.8370
700.9345,776.4785
741.6621,780.5051
783.4317,784.2112
825.5526,788.5914
407.4083,800.0504
435.8487,798.1889
471.4501,801.8246
507.9409,805.4382
544.8018,809.2672
582.9375,813.0798
621.2638,816.9056
660.4676,820.8019
700.2733,825.2745
740.6806,829.5562
782.0047,834.2864
824.0786,838.7590
400.6189,840.1074
435.6368,843.8388
471.4539,847.9305
507.7207,852.1292
544.8009,856.3687
582.2327,860.6278
619.8449,864.8535
659.7310,869.4453
699.4857,874.2470
739.6478,878.9548
780.7904,884.2128
822.4747,889.3594
400.5161,884.7646
435.6669,889.1741
471.1938,893.7772
507.7122,898.3335
544.3975,903.0696
580.5895,907.5504
619.9976,912.5070
659.0519,917.5081
698.5055,922.8884
738.3340,928.0075
779.3083,933.9147
820.8228,939.5280
406.0000,923.0000
435.4724,934.1974
471.1323,938.8832
507.2513,943.9913
543.4504,949.2140
581.2387,954.3318
619.3317,959.5632
657.8839,965.1179
697.0156,970.7677
736.7652,976.8248
777.6802,982.6871
818.7716,989.1964
407.0000,980.0000
435.3483,978.7421
470.6800,984.0620
506.8115,989.4936
543.6244,995.0408
580.4754,1000.5857
617.7246,1006.7849
656.8853,1012.2919
696.0864,1018.6633
735.3668,1024.8972
776.0563,1031.6022
816.5307,1038.3018
406.0000,1012.0000
435.2524,1023.1188
470.5400,1028.7083
506.4537,1034.5643
543.1935,1040.5516
580.0535,1046.7299
617.1366,1052.9957
655.9717,1059.4695
694.8879,1066.0729
734.1499,1072.9749
774.3324,1080.0140
815.0521,1087.4423
407.0000,1068.0000
435.3610,1067.2230
470.3290,1073.4689
505.9560,1079.5863
542.4240,1086.2094
578.1398,1092.7345
616.7490,1099.3524
654.7524,1106.0972
693.6199,1113.4901
732.8892,1120.5574
772.8055,1128.3228
813.3849,1135.9111
406.0000,1099.0000
435.3388,1111.0574
470.0897,1117.6355
505.7290,1124.3776
541.2373,1131.2302
578.7455,1138.2098
615.9271,1145.3308
653.9897,1152.6519
692.2995,1160.0896
731.6027,1168.0833
771.2573,1176.0417
811.6725,1184.3857
407.0000,1155.0000
435.2335,1154.5151
470.0886,1161.4456
505.4351,1168.5216
541.4603,1175.9445
576.5536,1183.3444
614.8059,1190.8370
652.8219,1198.5178
691.3715,1206.6385
729.6493,1214.8274
770.0318,1223.3805
809.8678,1231.9315
400.9018,1190.6085
435.3133,1197.7273
469.7045,1205.1433
505.0396,1212.6150
539.4983,1220.4282
577.5219,1228.1379
614.3857,1235.9987
652.0920,1244.3823
689.7928,1252.7333
729.1371,1261.4905
768.4347,1270.3484
808.4316,1279.7471
401.1960,1233.2960
435.0988,1240.7750
469.7312,1248.4760
504.1544,1256.4626
540.5401,1264.4985
576.7639,1272.6586
613.6828,1281.2057
651.1090,1289.6576
689.0260,1298.7910
727.6614,1307.6351
767.1041,1317.3495
806.8440,1326.7531
406.0000,1270.0000
435.2916,1283.5997
469.4533,1291.6110
504.4120,1300.0682
539.8757,1308.3274
575.9604,1317.1147
611.8335,1325.9196
650.1912,1335.0066
687.9558,1344.2137
726.4828,1353.8506
765.5879,1363.5188
805.3770,1373.7177
408.2625,1326.6165
434.9649,1325.7236
469.2572,1334.3936
503.9242,1342.9355
539.5657,1351.9312
574.1434,1361.0969
611.6864,1370.2745
649.0508,1379.5693
686.8816,1389.3832
724.8005,1399.3022
764.1620,1409.5927
803.6705,1420.0652
406.0000,1354.0000
434.8486,1368.0621
469.0117,1376.9982
503.5231,1386.0471
538.8438,1395.0789
574.8145,1404.6333
610.5316,1414.3003
648.2068,1424.1827
685.6870,1434.2069
724.0437,1444.7371
762.1742,1455.3544
802.1285,1466.3905
407.0000,1408.0000
434.7367,1409.6766
468.8210,1419.1422
503.1777,1428.5983
538.3053,1438.1934
572.3896,1448.2960
610.0707,1458.0079
646.9210,1468.2041
684.5800,1478.9601
722.1195,1489.6074
761.4344,1500.7072
800.5258,1511.9857
406.0000,1437.0000
434.5566,1451.6292
468.2891,1461.2141
502.7075,1471.1085
537.3908,1481.1932
573.2156,1491.2599
609.3407,1501.4681
646.2357,1512.4070
683.5664,1523.2300
721.4856,1534.5706
760.0030,1545.7708
799.3259,1557.7914
407.5957,1492.5852
434.1912,1493.0918
467.9182,1503.0530
501.9436,1513.2092
537.1476,1523.5381
571.7914,1534.1122
608.4135,1544.8676
645.1057,1555.6625
682.4749,1567.3057
719.9018,1578.9733
758.0169,1591.0702
797.4888,1602.8331
401.2870,1524.5610
433.7797,1534.8601
467.0484,1545.1967
501.4331,1555.5360
536.4937,1566.4351
566.0000,1568.0000
613.7137,1581.2015
643.9134,1599.6896
679.9672,1612.1013
716.9623,1624.3368
755.4170,1636.7649
790.0000,1640.0000
647.7865,285.3642
674.1385,283.8149
701.6881,282.1083
729.6437,280.4574
757.1985,278.5647
786.1857,277.2828
814.3255,275.7066
843.3482,274.1723
872.7620,272.3615
902.9034,270.7636
933.6222,269.3587
964.8714,267.8460
647.9728,317.1309
674.5997,315.6472
701.7440,314.3243
729.6241,312.7261
757.4455,311.3534
785.5906,309.9855
815.1518,308.6114
843.8815,307.2966
873.3146,306.1665
903.3027,304.4753
933.4822,303.2536
964.5857,302.0583
647.8202,348.6170
674.6610,347.4692
701.9708,346.2049
729.4504,345.0822
757.6784,343.7897
785.4801,342.4066
814.2342,341.3096
843.8961,340.3660
873.6250,339.1447
903.3646,338.1979
933.4254,336.8214
964.0162,335.7873
647.4887,380.2668
674.4802,379.0484
701.4705,378.1579
729.4540,377.0058
757.3512,376.0966
785.7304,374.8470
813.6116,374.1712
843.2334,373.0540
873.0549,372.3881
902.7519,371.3131
933.1047,370.3278
963.6373,369.5169
647.3265,411.4919
673.9174,410.5202
701.3281,409.7270
728.8606,409.0060
757.0469,408.2908
785.1927,407.4151
813.7136,406.4144
842.2516,405.8758
872.4506,405.1128
902.2422,404.4807
932.5050,403.7617
963.1486,403.0445
646.7991,442.8040
673.7889,442.2289
700.7795,441.5183
728.5011,440.6427
756.4417,440.3274
784.1783,439.4931
813.1812,438.9339
841.9227,438.3660
871.5721,438.0507
901.5829,437.4805
931.7927,437.0444
962.1485,436.4726
646.4582,474.0729
673.3574,473.5609
700.5909,472.8842
727.9714,472.5569
755.7690,472.0371
784.2153,471.7502
812.7919,471.3017
841.8060,470.8625
870.4566,470.4069
900.8658,470.3819
930.9120,470.0301
961.2280,469.8289
646.0000,505.0551
672.8114,504.5327
699.9988,504.4311
727.5776,504.2274
755.5293,503.9794
783.0278,503.3500
811.8342,503.4733
841.4026,503.3013
870.4312,503.2648
899.5258,502.9355
929.9595,503.0923
960.3958,502.8701
645.4550,536.0877
672.2593,536.0632
699.6360,535.8717
727.0841,535.7978
755.0077,535.7935
782.9970,535.5415
811.6541,535.5412
840.5693,535.7426
869.9002,535.7102
898.6609,535.7877
929.2965,535.9243
959.3321,536.0971
645.0279,567.0144
671.8713,567.0987
699.0885,567.2145
726.6028,567.1792
754.4721,567.3765
782.6825,567.5117
810.5199,567.7289
839.9630,567.8915
869.1479,568.2138
898.6466,568.2103
927.9666,568.5869
958.3077,568.8058
644.3419,597.7765
671.3679,598.1055
698.5688,598.2649
725.9229,598.6432
753.8652,598.8117
781.8988,599.2396
809.9443,599.4373
839.1185,600.0931
868.3098,600.3191
897.5901,600.8406
927.3944,601.2863
957.2422,601.8420
643.8074,628.4746
670.7498,628.7434
697.8885,629.4039
725.5297,629.8604
753.2403,630.2425
780.4596,630.4760
809.5906,631.3239
838.4532,631.9171
867.4966,632.4828
896.8242,633.1243
926.2722,633.9756
956.1766,634.5040
643.3539,659.1434
670.0187,659.9557
697.4472,660.3826
724.7061,661.1351
751.8564,661.6060
780.5163,662.4303
809.0279,663.0294
837.5399,664.0147
866.3546,664.5552
895.5580,665.5638
925.1994,666.2444
954.9608,667.2333
642.5726,690.0476
669.6078,690.5839
696.6110,691.6148
724.0850,692.3308
751.6169,693.2422
779.9851,694.2744
808.1284,694.9933
836.8312,695.7611
865.6322,696.7577
894.7068,697.8246
924.0377,698.8581
953.8257,699.9939
642.0301,720.9299
668.8778,721.7788
695.9965,722.7664
723.5115,723.8338
751.3909,724.9298
779.0062,726.0464
806.8335,726.7304
835.6764,728.0682
864.7554,729.2897
893.6463,730.3922
923.1127,731.7866
952.6046,733.0476
641.4831,751.6855
668.3962,752.8544
695.3957,754.1421
722.9483,755.1967
750.4416,756.5451
777.5239,757.3479
806.6366,758.9279
835.1667,760.1738
863.7568,761.8397
892.6169,762.8785
921.8882,764.5108
951.5750,765.9025
640.6220,782.2053
667.5820,783.7256
694.8328,784.8944
721.9199,786.4420
749.3774,787.6320
777.5057,789.1774
805.7304,790.5423
833.9817,792.1857
862.4695,793.5082
891.4766,795.2444
920.7062,796.7137
949.8979,798.5336
639.9813,812.7606
666.9627,814.1633
693.8168,815.8289
721.4093,817.3190
748.8925,818.9163
776.4736,820.3231
804.3855,822.3548
833.0593,823.7430
861.6165,825.7030
890.2221,827.2637
919.3544,829.2560
948.4449,830.8839
639.5859,843.2141
666.1059,844.8635
693.2712,846.3691
720.4669,848.3622
748.0982,850.1017
775.7393,851.8887
803.6354,853.6890
831.8638,855.6060
860.5913,857.3404
889.0167,859.4207
918.1373,861.3205
947.3283,863.6028
638.7928,873.8355
665.6661,875.4352
692.5761,877.3762
719.7051,879.1660
747.2967,881.2374
774.0350,882.8367
802.7592,885.1653
830.9964,887.0270
859.4249,889.3712
888.1460,891.4200
916.8180,893.6639
945.9768,895.8856
638.2201,903.9805
664.9381,906.0739
691.7458,907.8785
719.0477,910.1633
745.9456,912.1100
773.8904,914.3034
801.8469,916.3908
829.9314,918.6912
858.3191,920.8005
886.9979,923.3165
915.7823,925.5961
944.8062,928.2704
637.6440,934.1715
664.2911,936.0795
691.1607,938.3466
718.2198,940.5121
745.5883,943.0397
772.3347,944.9935
800.6894,947.5876
828.9626,950.0119
857.2509,952.4804
885.3314,954.6742
914.4713,957.6572
943.5582,960.2130
637.0853,964.0889
663.5956,966.4084
690.5262,968.6848
717.4375,971.3140
743.7815,973.5094
772.2448,976.2030
799.9746,978.5668
827.9392,981.4432
856.1363,983.8538
884.7946,986.5850
913.4053,989.3995
942.3495,992.3714
636.4801,994.2054
662.9690,996.4594
689.6190,999.3064
716.4128,1001.8159
743.7953,1004.3889
771.4912,1006.8991
799.1916,1009.9085
827.0532,1012.4238
855.1192,1015.5231
883.5722,1018.2381
912.1855,1021.3675
941.2217,1024.2598
635.7912,1024.1401
662.3652,1026.7003
689.0332,1029.4412
715.8150,1032.3144
743.0999,1035.0428
770.3215,1038.0654
797.6340,1040.6079
826.0245,1043.7993
854.1406,1046.6266
882.3465,1049.9882
911.1782,1052.8203
939.8586,1056.3932
635.3319,1054.0912
661.6120,1056.6434
688.0572,1059.6683
715.1561,1062.4125
742.0315,1065.5412
768.7349,1068.3524
796.7383,1071.7097
824.8744,1074.5243
853.0060,1078.0401
881.1672,1081.0505
909.8181,1084.4951
938.8505,1087.9948
634.6209,1083.5929
660.8178,1086.5724
687.5300,1089.6438
714.0292,1092.7802
741.2506,1095.9127
768.5731,1099.1003
795.7433,1102.2585
823.8549,1105.8012
851.9896,1109.1341
880.2417,1112.4390
908.2883,1115.7856
937.3990,1119.7373
633.9137,1113.4559
660.0604,1116.4357
686.6272,1119.7676
713.4273,1122.9182
740.2153,1126.2849
766.5268,1129.5426
794.9890,1132.9486
822.7378,1136.4060
850.8124,1140.2161
878.8135,1143.5344
907.6208,1147.4487
936.1750,1150.9592
633.2828,1142.9917
659.3555,1146.4072
685.7716,1149.7007
712.4185,1153.3141
739.2887,1156.6172
766.5607,1160.2490
793.9803,1163.6243
821.8687,1167.5284
849.8058,1171.0898
877.8765,1175.0822
906.4708,1178.6726
935.1067,1182.7469
632.5920,1172.5413
658.4860,1176.0257
685.0145,1179.6750
711.5630,1183.1978
738.4634,1186.9520
765.3161,1190.4537
792.6623,1194.3306
820.7143,1197.9373
848.6911,1202.0941
876.8146,1206.0500
905.0419,1210.1586
933.8347,1214.1788
631.6736,1202.3696
657.5544,1206.1548
683.7728,1209.8833
710.4892,1213.5630
737.6012,1217.4297
764.7116,1221.1641
791.7942,1225.1592
819.5405,1228.9603
846.9481,1233.1498
874.7040,1237.3657
903.2291,1241.7444
932.4156,1245.8116
648.3209,266.9506
682.3512,267.2728
716.6551,267.3676
750.8892,267.5157
785.2008,267.4635
819.2538,267.9972
853.4855,268.2008
887.6605,268.5233
921.9386,268.6592
956.3225,269.0187
990.4054,269.3968
1024.2013,269.6328
647.6796,301.4271
681.8632,301.5842
715.8087,301.7529
750.0181,301.8541
784.2924,302.0924
818.3622,302.3397
852.2477,302.6991
886.4860,302.8313
920.6317,303.3825
954.7831,303.5470
988.8736,303.9736
1022.7138,304.2333
647.3630,335.3709
681.2776,335.6796
715.2698,335.7216
749.4055,336.0714
783.4409,336.1780
817.5245,336.4268
851.4771,336.5751
885.3217,337.1467
919.3408,337.4384
953.2981,337.9907
987.3473,338.1508
1021.3310,338.4866
646.7646,369.4715
680.6465,369.5945
714.5826,369.8589
748.6333,370.0311
782.5320,370.3441
816.5741,370.4043
850.5401,370.7433
884.3247,371.0888
918.1015,371.6471
952.2301,372.0415
985.8577,372.3360
1019.8022,372.6264
652.0000,399.0000
680.1338,403.4217
713.9376,403.5629
747.8344,403.9227
781.8329,404.1864
815.6254,404.3682
849.5006,404.4649
883.5828,405.0365
917.2323,405.3278
950.9522,405.9518
984.7583,406.1652
1018.4824,406.5880
650.0000,442.0000
679.6577,437.1064
713.4030,437.3788
747.2666,437.3848
781.2436,437.8200
815.0155,438.0632
848.7419,438.3751
882.5614,438.5618
916.2192,439.2233
949.8811,439.4731
983.5566,440.0263
1017.3035,440.3234
651.0000,466.0000
679.0440,470.4353
712.8686,470.5808
746.5103,470.9981
780.4014,471.2103
813.9745,471.5838
847.8014,471.9124
881.5583,472.3082
915.4242,472.5206
948.7889,473.0273
982.3357,473.4794
1015.9731,473.9799
649.0000,510.0000
678.5488,503.8563
712.0363,504.2346
745.8607,504.3902
779.4778,504.5317
813.2528,504.6061
847.0515,505.2579
880.6915,505.5107
914.0443,506.0668
947.8896,506.3273
981.2332,506.7367
1015.0177,507.2157
650.0000,532.0000
677.7973,537.0327
711.6638,537.2627
745.1573,537.5622
778.9208,538.0057
812.4971,538.2347
845.9203,538.4486
879.5999,538.8765
913.3206,539.0947
946.8491,539.8176
980.2212,540.1972
1013.6352,540.5945
643.6192,570.0311
677.5231,570.2212
710.8732,570.4124
744.5685,570.6060
778.1066,571.0029
811.7932,571.2133
845.2828,571.7566
878.6984,571.9165
912.1076,572.4561
945.6560,572.7036
979.3205,573.2594
1012.5748,573.6612
649.0000,598.0000
676.7782,603.1167
710.4064,603.3665
743.8824,603.6531
777.3635,603.8507
810.8927,604.2604
844.1917,604.4285
877.7474,604.8357
911.1598,605.2134
944.5187,605.7739
977.9553,606.2058
1011.5974,606.5642
649.0000,640.0000
676.2519,635.8238
709.7135,636.1927
743.3033,636.4040
776.6488,636.8126
809.8464,636.9645
843.4317,637.4031
876.8173,637.6285
910.1260,638.2120
943.5040,638.3897
977.0438,638.9707
1010.3885,639.3760
647.0000,663.0000
675.6957,668.6929
709.1659,668.6547
742.5001,669.2461
775.7386,669.3700
809.1904,669.7957
842.4669,670.0389
875.8119,670.4020
909.4020,670.5348
942.5910,671.3493
975.9776,671.6128
1009.2615,672.3434
648.0000,705.0000
675.2727,701.2437
708.3945,701.6517
741.7913,701.8152
775.1195,702.3528
808.4715,702.3772
841.6396,702.8111
875.0124,703.1841
908.1385,703.6638
941.5568,704.0945
974.8005,704.5454
1008.0981,704.9252
641.3839,734.0801
674.5662,734.2582
707.7501,734.5758
741.1420,734.7592
774.6601,735.2161
807.6197,735.5902
840.7991,735.7242
873.9462,736.1714
907.2965,736.4187
940.6577,736.8517
973.8385,737.5630
1007.0803,738.1340
640.8462,766.5988
674.1054,766.9871
707.3551,767.4139
740.5045,767.5154
773.7113,768.1215
806.8425,768.0866
840.0235,768.5966
873.2354,768.7130
906.4465,769.5277
939.5985,769.6920
972.6822,770.3378
1005.8958,770.8331
646.0000,794.0000
673.5113,799.5063
706.6746,799.6657
739.8033,800.1964
772.9501,800.2924
805.9652,800.6449
839.1794,800.8264
872.3775,801.4514
905.3544,801.8293
938.6071,802.4534
971.6745,802.7258
1004.7395,803.5173
645.0000,836.0000
672.8742,831.6583
705.7908,832.1701
739.1495,832.2936
772.1076,832.6019
805.1871,832.7065
838.3312,833.5251
871.1809,833.6071
904.3554,834.2885
937.5889,834.4899
970.6302,835.2224
1003.6241,835.7840
645.0000,859.0000
672.0389,864.1204
705.3485,864.1379
738.3164,864.5492
771.4167,864.6888
804.4070,865.2219
837.4971,865.4763
870.2952,866.1428
903.5003,866.3643
936.3402,867.0081
969.5103,867.4371
1002.5444,868.2799
638.5409,895.8133
671.5429,895.9101
704.6028,896.3998
737.5537,896.5129
770.5764,897.0383
803.4757,897.3045
836.3486,897.7150
869.3403,898.0457
902.2789,898.5963
935.4340,899.0812
968.2830,899.8088
1001.3659,900.1264
637.9195,927.5751
670.8402,928.1471
703.7804,928.2610
736.8265,928.5421
769.7588,928.8351
802.6292,929.3401
835.4466,929.5541
868.3795,930.2078
901.3061,930.4309
934.2670,931.1258
967.1942,931.5626
1000.0510,932.3602
637.5045,959.4847
670.3799,959.5695
703.2195,959.9990
735.9727,960.1543
768.8568,960.6606
801.6114,961.0095
834.6384,961.5202
867.3544,961.8555
900.3068,962.4229
933.0494,962.6427
966.0225,963.4629
998.8910,964.0544
636.8678,990.8248
669.6219,991.3611
702.5341,991.4971
735.3022,992.0169
767.8526,992.2536
800.7310,992.6140
833.5650,992.8938
866.2569,993.6313
899.0941,993.9545
931.9352,994.6748
964.7859,995.1372
997.6771,995.9830
636.4144,1022.5769
669.2064,1022.6205
701.7989,1023.3459
734.5494,1023.5139
767.2798,1023.9787
799.9246,1024.2264
832.6124,1024.6833
865.2465,1024.9845
897.8326,1025.7653
930.8094,1026.1404
963.6221,1026.7717
996.4374,1027.4509
642.0000,1049.0000
668.4546,1054.3257
701.0601,1054.4133
733.6837,1054.9688
766.5210,1055.3065
798.9935,1055.8236
831.4396,1056.1050
864.3192,1056.6797
896.9304,1056.9592
929.6492,1057.8134
962.2713,1058.2146
994.8997,1059.0104
642.0000,1089.0000
667.8029,1085.3757
700.4558,1085.8351
732.9818,1086.1697
765.5473,1086.6107
797.9811,1087.0148
830.8190,1087.6213
863.2135,1087.6924
895.7971,1088.4483
928.4230,1088.7914
961.0965,1089.6494
993.6691,1090.1443
634.6001,1116.1582
667.1899,1116.6952
699.7465,1116.9024
732.2184,1117.4533
764.7615,1117.6400
797.2710,1118.3176
829.7600,1118.5930
862.2489,1119.1663
894.8428,1119.5428
927.2696,1120.2108
959.7066,1120.5917
992.4458,1121.5265
634.0053,1147.3317
666.5442,1147.6378
698.8794,1148.1124
731.4339,1148.1818
763.8343,1148.8283
796.0919,1149.2445
828.6899,1149.7561
861.2686,1150.1013
893.6967,1150.6802
926.2744,1151.2875
958.6068,1151.8832
991.1310,1152.4716
633.4026,1178.1771
665.8195,1178.6310
698.2820,1178.7939
730.7388,1179.5278
763.1149,1179.8341
795.3827,1180.3066
827.6959,1180.5575
860.0377,1181.4272
892.4888,1181.6578
924.9863,1182.3644
957.4180,1182.7880
989.6817,1183.7027
632.9567,1208.9061
665.3819,1209.4538
697.4883,1209.8311
729.8597,1210.2335
762.2686,1210.7027
794.5633,1211.1059
826.7926,1211.6292
859.1738,1211.9588
891.3818,1212.6036
923.8362,1212.9918
956.1140,1213.8722
988.4111,1214.3361
632.3635,1240.1343
664.6769,1240.5029
696.9483,1240.9240
729.2505,1241.4400
761.5392,1241.7367
789.0000,1236.0000
831.2503,1235.5816
858.2353,1242.9644
890.5764,1243.8828
922.8790,1244.5362
955.1048,1245.1202
987.2579,1245.6740
