92.4652,339.9132
123.5387,339.0220
153.9822,338.1454
184.3510,337.3333
214.2237,336.4754
243.4428,335.8145
272.6312,334.8790
300.6872,334.4863
329.0600,333.6886
356.6969,333.1530
384.0978,332.4592
411.3809,332.0334
95.2413,375.0400
125.9665,373.8845
156.4704,372.7262
186.3871,371.7881
216.0288,370.7840
244.9550,369.6613
274.2780,368.8205
302.4208,367.6781
330.7168,367.0581
358.3842,366.0962
385.5359,365.5220
412.5428,364.5858
97.7999,409.8025
128.4804,408.5006
159.0214,407.0576
188.9409,405.6302
218.3541,404.4020
247.2596,403.4463
275.8556,402.1178
304.4575,401.0730
331.9780,399.8530
359.9232,398.9316
387.1854,397.8983
414.0152,397.0346
100.7794,444.3021
131.1180,442.7133
161.4859,441.4073
191.2317,439.8528
220.7239,438.2142
249.6668,436.7946
278.2169,435.8092
306.1438,434.0477
334.1713,432.9554
361.5926,431.6495
388.5819,430.6232
415.2636,429.3640
103.5255,478.9083
134.0905,477.0737
164.0124,475.3256
193.8557,473.5806
223.2679,471.9936
252.4686,470.3035
280.6093,468.5214
308.5444,467.1824
335.8499,465.5448
363.0269,464.5542
390.0180,462.6387
417.1617,461.5908
106.3233,513.0598
136.4846,511.1828
166.7306,509.1852
196.2920,507.2657
225.4919,505.4932
254.4270,503.4126
282.7489,501.7855
310.4857,499.7768
338.2455,498.4294
365.2918,496.5315
392.3503,495.3059
418.9543,493.6161
108.9134,547.3288
139.3305,545.1435
169.2324,543.0993
198.6071,540.9511
227.7946,538.5995
256.5981,536.6974
285.1756,534.4645
312.7053,532.7597
340.2922,530.6534
367.7350,529.1184
394.3843,527.2608
421.0605,525.6507
111.7796,581.1617
141.9683,578.8519
171.6244,576.5498
201.3439,574.1767
230.3408,571.7944
259.4041,569.2721
287.1273,567.5502
314.7865,565.2751
342.5782,563.5108
369.7591,561.0764
396.6592,559.4648
422.9818,557.2080
114.7443,615.1086
144.9492,612.4247
174.5570,609.9577
203.7320,607.3889
232.9039,605.0764
261.4128,602.5127
289.7989,599.7647
317.0807,597.9280
344.4987,595.2332
372.1243,593.4566
398.7708,591.0172
425.2283,589.2549
117.3431,648.8733
147.6566,645.8861
177.3322,643.1075
206.5038,640.5401
235.2570,637.8378
263.6715,635.2718
292.3866,632.8777
319.5075,630.0183
346.7728,627.7304
373.8915,625.1238
400.7940,623.3076
427.6405,620.4965
120.1557,682.3884
150.2952,679.1583
179.5376,676.4632
209.0785,673.3482
237.8397,670.7008
266.2859,667.7664
294.4806,665.0042
321.8163,662.3705
349.1988,659.5583
376.3656,657.1779
402.9290,654.3913
429.8703,652.1117
123.2726,715.5443
152.8748,712.5552
182.7996,709.0916
211.6426,706.2624
240.4739,703.1337
268.7686,699.7952
296.6252,697.2391
323.9934,694.1071
351.5224,691.6494
378.5281,688.4731
405.6368,686.1682
431.9528,683.2948
125.9905,749.0445
155.8286,745.3231
185.1571,742.3386
214.5342,738.8386
243.0515,735.5545
270.9827,732.4922
298.8953,729.3034
326.5781,726.3954
353.7577,723.1118
381.3572,720.3436
407.5822,717.2873
434.3458,714.9044
133.0000,788.0000
158.3871,778.8481
187.8636,774.9468
216.4980,771.7129
245.8509,767.9190
273.6016,765.0555
301.1641,761.4703
328.8971,757.9616
356.3785,755.0937
382.9410,751.8539
409.8200,749.3105
436.8161,745.7184
131.5995,815.8526
160.9984,811.8791
190.4865,808.2901
219.2720,804.4252
248.2751,801.1645
276.2017,797.3467
303.8156,793.7666
331.3036,790.4524
358.7606,786.8477
385.8531,783.5885
412.5804,780.4307
439.2986,777.4333
134.7194,848.9818
164.0235,845.1415
193.4430,840.9755
221.8269,837.1835
250.8674,833.2869
278.6512,829.2505
306.6340,825.7776
334.1318,822.1675
361.7451,818.6160
388.3070,815.1293
415.2835,811.9297
441.5867,808.3933
137.0983,881.9097
166.7975,877.7435
195.8663,873.6251
224.8305,869.3547
253.3028,865.4969
281.4644,861.0651
309.0795,857.4955
336.7487,853.7066
363.8770,849.9064
391.1653,846.6747
417.8078,842.7814
444.5811,839.6345
144.0000,921.0000
169.2704,910.6691
198.6958,905.9675
227.0242,902.0571
255.8969,897.4236
283.7215,893.4015
312.0895,889.3931
338.6979,885.0557
366.6293,881.3013
393.5897,877.3347
420.5735,873.8605
446.9789,870.1906
142.5673,947.8423
171.8889,943.1345
200.7101,938.7689
229.8467,933.8381
258.0497,929.7640
286.6203,925.0551
314.0981,920.9638
341.8051,916.5652
368.7213,912.7172
396.2531,908.4235
422.5876,904.7463
449.8231,900.8448
149.0000,986.0000
174.3318,975.6423
203.6824,970.6079
232.1380,966.4227
260.9326,961.2581
288.9828,956.7524
316.6974,952.3123
343.9407,948.1946
371.7763,943.6859
397.9690,939.7700
425.5290,935.6567
451.7148,931.7272
147.6975,1012.9540
177.3325,1008.0814
205.9832,1002.8951
235.2407,997.7628
263.2833,993.5394
291.5788,988.3926
318.7973,984.1075
346.8520,979.1593
373.6004,974.7635
401.2696,970.3013
427.5832,966.2833
454.5789,962.2121
150.7563,1045.2640
179.6722,1040.2503
208.8483,1034.8526
237.1243,1030.0543
265.7788,1024.9321
293.9305,1020.0284
321.6636,1015.0516
348.7723,1010.3212
376.5362,1005.7550
402.9972,1001.4686
430.3208,996.8848
456.4611,992.5637
153.0549,1077.6932
182.5102,1072.1788
211.1962,1066.9617
240.1552,1061.5176
268.4840,1056.4194
296.1275,1051.4150
323.4328,1046.4177
351.4358,1041.6760
378.4642,1036.8232
405.6868,1032.0796
432.1340,1027.5811
459.2075,1022.8527
155.9822,1109.6779
184.8569,1104.3302
213.9698,1098.5788
242.3844,1093.5347
270.7972,1087.8996
298.1645,1082.7135
326.3813,1077.5450
353.3564,1072.6245
381.2687,1067.4578
407.5782,1062.8253
434.9709,1057.9709
461.0117,1053.4213
158.3862,1141.9876
187.8214,1136.0151
216.3944,1130.5956
245.1377,1124.7723
272.9992,1119.6223
301.1820,1114.0421
328.5898,1108.7858
356.3433,1103.5679
382.9686,1098.3955
410.3394,1093.4155
436.5859,1088.6451
463.6102,1083.5995
166.0000,1179.0000
190.3813,1167.9206
219.3267,1161.7557
247.4429,1156.3264
275.6987,1150.6296
303.8469,1145.1614
331.3134,1139.5373
358.3706,1134.2491
385.7696,1128.8172
412.5807,1123.9044
439.2322,1118.6434
465.4340,1114.0189
163.7148,1205.6580
193.1146,1199.5311
221.4870,1193.6594
250.3512,1187.4691
278.1658,1181.8270
306.2313,1176.0496
333.5982,1170.4504
361.0468,1164.7367
387.6733,1159.6011
414.6499,1154.4219
441.3320,1149.1996
467.8654,1143.8446
166.7386,1236.9404
195.4931,1231.1349
224.5007,1224.7383
252.4285,1218.8644
281.0113,1212.8456
308.9641,1206.9902
336.1140,1201.2220
362.9743,1195.5084
390.4330,1189.8865
417.0550,1184.6180
443.6740,1179.0445
469.6252,1173.9564
169.2982,1268.9193
198.4816,1262.5095
226.7706,1256.3943
255.5625,1250.1016
283.3182,1244.1201
311.1963,1237.9641
338.2016,1232.0234
365.7408,1226.1040
392.2745,1220.4350
419.5074,1214.8293
445.5036,1209.3597
471.9131,1203.8038
172.3613,1300.3819
200.9400,1293.9370
229.7569,1287.2498
257.6188,1281.2133
286.3572,1274.7552
313.6775,1268.6130
341.2220,1262.4469
367.7060,1256.4248
394.9163,1250.6057
421.3580,1245.1409
448.1938,1239.3061
474.1631,1233.5994
174.7398,1332.2866
204.4241,1325.3862
232.7645,1318.9626
261.1871,1312.4390
288.4308,1305.9366
316.1655,1299.4630
343.4599,1293.3377
370.6033,1287.0319
403.0000,1278.0000
425.0569,1275.3588
450.8935,1269.6696
476.4955,1263.5975
132.5184,344.2160
165.8946,341.9846
199.5290,339.6055
232.8972,337.4064
266.6951,334.8845
300.1221,332.6748
333.6089,330.4722
367.2855,328.5263
401.0927,326.3569
434.7757,324.2193
468.6717,322.1420
502.2932,320.3233
135.2540,378.1045
168.6586,375.6817
201.8540,373.6542
235.5829,371.1068
269.1675,368.8340
302.6958,366.6429
336.1312,364.4812
369.5078,362.1842
403.2688,360.3873
436.8053,358.1396
470.5176,356.0243
504.1634,354.0977
138.0002,411.5995
171.3765,409.2605
204.6917,407.0357
237.9662,404.8736
271.2093,402.4738
304.8232,400.4682
338.3278,398.0710
371.6394,396.0869
405.0502,393.7800
438.9377,391.7595
472.3867,389.5862
506.2051,387.7442
140.9952,444.9452
173.6880,442.7343
207.0386,440.6109
240.4573,438.2640
273.7587,436.1623
307.3372,433.7932
340.2056,431.8928
373.8430,429.3520
407.4090,427.5356
440.7822,425.2278
474.4056,423.3995
507.9190,421.0849
143.3519,478.3107
176.3851,476.1685
209.4378,473.7697
242.6915,471.7238
276.2916,469.4792
309.4311,467.2642
342.7085,464.9924
375.8640,463.1074
409.5339,460.7079
442.6479,458.9480
476.2250,456.6382
509.8055,454.7720
145.9076,511.5927
178.9383,509.2617
212.0494,507.3015
245.1856,504.8403
278.4876,502.5679
311.5513,500.3983
344.7085,498.4933
377.9486,496.1167
411.4879,494.2753
444.6780,492.0136
478.3357,490.0314
511.5751,488.0277
148.6519,544.4324
181.1978,542.4693
214.4682,540.2127
247.3665,538.1225
280.4990,535.5778
313.7637,533.7666
347.0252,531.3962
380.2975,529.4539
413.2904,527.0334
446.4421,525.5471
480.0214,523.2297
513.4135,521.3768
150.9031,577.4784
183.8204,575.2622
216.8933,573.0860
249.9048,570.7887
282.7453,568.7926
315.4792,566.2071
348.8782,564.5727
382.4330,562.1372
415.3084,560.5431
448.5887,558.1040
482.0203,556.4202
515.1810,554.1207
153.6025,610.0198
186.5482,607.8474
219.6484,605.7987
252.1710,603.7136
285.3098,601.7997
318.2689,599.4516
351.0439,597.1961
384.2791,595.5716
417.4306,593.0590
450.5873,591.2607
483.6282,588.9723
517.2003,587.2544
155.9395,642.6869
188.8524,640.6112
221.5386,638.5593
254.8120,636.3742
287.6115,634.2759
320.6523,632.2717
353.3951,630.2340
386.3298,627.8507
419.4624,626.1708
452.4208,623.8748
485.7116,622.1716
518.7411,619.9916
158.5348,675.0784
191.4516,672.8506
224.2674,671.0674
257.0325,669.1489
290.0375,666.9618
322.9713,664.7151
355.3840,662.5690
388.2105,660.8203
421.3287,658.5643
454.3567,656.9216
487.4835,654.5717
520.6072,652.9720
161.2902,707.4707
194.0427,705.3320
226.5668,703.3086
259.3835,701.2695
292.2285,699.2971
324.3411,696.8768
357.4376,695.3376
390.4303,693.1039
423.3884,691.3536
456.3770,689.0967
489.2426,687.6572
522.3339,685.3027
163.2377,739.6097
196.3838,737.4101
228.9640,735.3759
261.9665,733.6825
294.0480,731.1800
327.0476,729.7083
359.7897,727.5272
392.2367,725.8820
425.3355,723.3068
458.0500,722.0835
491.0191,719.6510
524.2814,718.1273
171.0000,778.0000
198.7343,769.8477
231.5097,767.6281
263.9352,765.6707
296.9786,763.6789
329.5310,762.0952
361.8751,759.9982
394.6856,757.7662
427.2508,756.2918
460.0376,754.0237
493.0916,752.3567
525.8450,750.1833
168.7877,804.3868
201.2537,802.0671
233.5356,800.2088
266.5221,798.2072
299.2343,796.3114
331.6878,794.2612
363.7388,792.3917
396.6934,790.4896
429.2533,788.5543
462.2686,786.8299
495.0500,785.0032
527.7994,783.2649
170.9691,836.4626
203.6567,834.6948
236.4708,832.2845
268.6999,830.3649
301.5948,828.3426
332.8398,826.4953
366.6645,824.9033
398.7700,822.6288
431.5743,821.3178
464.0323,818.9244
497.1201,817.6001
529.8809,815.6757
173.3067,868.4362
206.0726,866.1757
238.3122,864.6360
271.2876,862.4251
303.2664,860.4286
336.3451,858.6753
368.3341,856.6746
401.3536,854.9190
433.5783,852.9747
466.4973,851.5461
498.8602,849.3376
531.8371,847.9431
180.0000,907.0000
207.9934,898.3172
241.0428,896.1584
273.1234,894.4631
305.9816,892.2618
337.8379,890.4372
370.7875,888.7765
402.9561,886.5289
436.0205,884.8768
467.7963,883.4402
500.7563,881.9332
533.4225,880.2901
183.0000,928.0000
210.4863,929.9299
242.8342,927.9291
275.5768,926.1672
307.7191,924.4269
340.5811,922.3098
372.4318,920.2585
405.3360,918.6782
437.6661,916.7676
470.4675,915.2614
502.6179,913.7231
535.5608,912.4401
185.0000,970.0000
212.5804,961.7164
245.3510,959.4902
277.4355,958.0200
310.2606,955.7979
341.6119,954.0275
374.9468,952.0540
406.9963,950.2943
440.0849,948.5831
471.7874,947.2135
505.0851,945.5251
537.4232,943.9061
182.5264,995.1752
215.0383,992.9373
247.0534,991.2529
279.9608,989.0848
311.6489,987.4191
344.8999,985.4310
376.5491,983.7581
409.6016,982.2493
441.6104,980.3345
474.6596,978.7093
506.3899,977.3321
539.6367,975.7734
185.2417,1026.2662
217.1954,1024.5080
249.8290,1022.5139
281.5144,1020.5965
314.4899,1018.7185
346.0369,1017.0593
379.0738,1015.0587
411.0833,1013.6472
443.9288,1012.0024
475.8577,1010.1847
508.8208,1008.9830
540.9417,1007.3286
186.9801,1057.7701
219.7000,1055.7985
251.3976,1054.0117
284.1149,1052.1036
315.7416,1050.1786
348.7631,1048.3661
380.8982,1046.5800
413.5379,1044.9297
445.3373,1043.5146
478.2661,1042.0435
510.3462,1040.4377
543.2993,1038.8869
189.8368,1088.6946
221.6019,1086.9620
254.1339,1085.1345
285.8688,1083.5425
318.7710,1081.5875
350.3836,1079.8150
383.1341,1078.0059
414.9917,1076.4908
447.6375,1075.0637
479.6410,1073.5284
512.6313,1072.1435
544.5916,1070.5472
197.0000,1117.0000
224.3080,1118.1771
255.9249,1116.4636
288.5738,1114.5264
320.3482,1112.7690
353.0096,1111.2266
384.5746,1109.6381
417.5628,1107.8658
449.3091,1106.3409
482.1144,1104.5660
513.8655,1103.6440
546.7188,1102.4888
199.0000,1157.0000
226.2947,1149.1357
258.6632,1147.2922
290.4922,1145.5922
322.7825,1143.9262
354.4682,1142.1807
387.0691,1140.3855
418.9620,1139.0159
451.6471,1137.4670
483.5058,1136.1747
516.1389,1134.7306
548.2075,1133.2671
196.4814,1181.7102
228.7821,1180.0142
260.4667,1178.1885
292.8773,1176.4888
324.5724,1174.8874
357.0546,1173.4186
388.7773,1171.8613
421.3311,1170.1550
453.2678,1168.6206
485.7423,1167.2903
517.4900,1165.9259
550.3226,1164.6088
199.1502,1212.1826
230.6766,1210.7620
263.1961,1209.0410
294.6246,1207.4437
327.0359,1205.7624
358.5172,1204.4545
391.1425,1202.5998
422.9632,1201.1045
455.3850,1199.8540
487.2372,1198.2907
519.7086,1196.8817
551.5312,1195.5443
201.0691,1243.0314
233.4179,1241.5234
264.8874,1239.9864
297.1998,1238.1651
328.5864,1236.6313
361.0910,1235.1816
392.6569,1233.5530
425.1870,1232.1850
457.0350,1230.6625
489.3807,1229.4189
521.2903,1227.8608
553.6779,1226.6393
203.7553,1273.7154
235.1425,1272.2665
267.5294,1270.4385
298.8949,1268.8250
331.3111,1267.4276
362.7221,1266.0591
395.0363,1264.3497
426.7637,1262.8679
459.2014,1261.5668
490.9393,1260.1896
523.2555,1258.8250
555.1305,1257.4490
211.0000,1301.0000
237.9749,1303.0380
269.2655,1301.6750
301.5081,1299.9365
333.0650,1298.4370
365.2263,1296.7751
403.0000,1292.0000
429.0611,1293.9350
467.0000,1289.0000
492.9007,1291.7045
524.7650,1290.1821
557.1528,1288.5011
209.9118,316.1254
243.9651,315.1230
277.1418,314.2772
310.2518,313.4351
342.5365,312.4441
374.4753,311.7535
406.0755,310.8006
437.1388,310.4305
467.6151,309.6242
497.7835,309.1766
527.6566,308.5140
557.0696,308.3200
212.4891,354.4662
246.3933,353.2346
279.0174,352.3846
312.1743,350.8407
344.0750,350.1341
376.0757,348.7651
407.4929,348.0875
438.4081,346.7198
468.8544,346.2330
498.8996,345.0817
528.8073,344.5751
557.6441,343.7860
215.2282,392.4671
248.5990,391.0299
281.5886,389.4402
314.2152,388.3547
346.3736,386.7307
377.9427,385.7056
409.0830,384.4382
439.9258,383.3763
470.0966,382.0932
500.2657,381.1852
529.8497,380.1393
559.1595,379.1820
217.8786,430.4199
250.9084,428.5223
284.2691,427.0494
316.6189,425.4651
348.3617,424.0890
379.9847,422.2938
411.5026,420.9642
441.8522,419.4009
471.9706,418.3530
502.1043,416.7772
531.3803,415.7789
560.1647,414.4162
220.3010,468.1264
253.6917,466.2358
286.4095,464.2632
318.7774,462.5616
350.9474,460.6301
382.7415,458.9321
413.5082,457.1011
443.8060,455.6512
473.7220,453.9257
503.4651,452.6420
532.6775,450.9436
561.8344,449.7218
223.2063,505.6365
256.2969,503.4038
289.0728,501.3744
321.2141,499.0749
353.1028,497.3671
384.7162,495.0928
415.7422,493.4062
445.7301,491.3834
476.0192,489.7513
505.2692,487.8768
534.4137,486.4858
563.5401,484.5066
225.6701,542.9436
258.7460,540.7196
291.6411,538.0794
323.6084,535.9291
355.5771,533.5261
386.6224,531.6244
417.8176,529.1868
447.8397,527.3106
477.9338,524.9409
507.4400,523.3840
536.5632,521.2381
565.6018,519.4777
228.5509,580.2542
261.5446,577.4725
294.1451,574.9202
326.0353,572.4396
357.8213,570.1568
389.2586,567.0792
419.7958,565.1792
449.7851,562.5980
479.8585,560.6929
509.7714,558.2266
538.4193,556.3727
567.6861,554.0342
231.4273,617.3181
264.2330,614.4727
296.6484,611.3910
328.8167,608.7910
360.1371,606.0087
391.4491,603.3607
421.8553,600.5923
452.1318,598.3932
481.8052,595.6048
512.1148,593.5272
540.5478,590.8343
569.7007,588.7879
233.9243,654.1519
266.8067,651.0070
299.1208,648.0463
331.0122,645.0773
362.4002,642.2436
393.3944,639.0983
424.2892,636.5740
454.1372,633.3573
483.9584,630.9601
513.4793,628.1312
543.0957,625.8200
571.7244,622.9270
237.1100,690.7228
269.3462,687.3913
301.8322,684.2457
333.7106,681.0777
364.9815,677.8315
395.6282,674.9629
426.3687,671.5556
456.0655,668.9230
486.2109,665.6046
515.5613,663.1526
545.0136,659.8105
573.8659,657.6145
239.8329,727.1963
272.2952,723.6236
304.4485,720.1209
336.0838,716.8498
367.5042,713.6100
398.4445,709.9265
428.5559,707.0467
458.4623,703.4135
488.2142,700.7321
517.8525,697.3181
547.2588,694.7674
576.0334,691.5346
242.4185,763.5258
274.9366,759.6956
306.9140,756.0202
338.7220,752.4194
369.8620,748.8935
400.3207,745.5594
430.5003,741.8181
460.7910,738.7655
490.5962,735.0459
519.8949,732.3533
549.2892,728.6550
578.2547,725.9423
250.0000,805.0000
277.7634,795.9417
309.6519,791.9586
341.0654,788.2898
372.6013,784.3022
402.7057,780.7832
432.9311,777.3282
463.1373,773.3718
492.7868,770.0272
522.2194,766.4684
551.5510,763.1779
580.6191,759.7003
248.5082,836.6543
280.5056,832.1642
312.1987,828.3329
343.4771,824.2527
374.8137,820.2118
405.5696,816.2017
435.7217,812.0885
465.6149,808.4640
495.2188,804.6522
524.9481,801.0459
554.0204,797.5646
583.2372,794.0342
251.3539,872.7043
283.1371,868.4346
315.1091,863.7465
346.4578,859.7278
377.5864,855.6110
408.2335,851.3983
437.9836,847.4131
467.8687,843.2811
497.4836,839.7095
527.1793,835.4305
556.4488,832.0512
585.4871,828.2051
253.8450,908.8138
286.1801,904.0844
317.4280,899.5912
349.3755,894.8510
380.0163,890.4640
410.4772,886.2666
440.4526,881.8071
470.5638,877.8756
500.1156,873.6718
529.8832,869.9413
558.8553,865.6449
587.9853,862.0588
261.0000,950.0000
288.4719,939.8777
320.5602,934.8914
351.4173,930.2668
382.6990,925.3232
412.8155,920.7980
443.6157,916.7285
472.6394,912.0742
502.8353,907.8252
532.1667,903.6597
561.5951,899.7197
590.6621,895.4234
259.3018,980.4757
291.5487,975.0451
322.6407,970.2068
354.2516,964.9388
384.5656,960.4247
415.9267,955.5648
445.8741,950.7443
475.4240,946.4772
504.8711,941.9890
534.9612,937.5419
563.7780,933.3785
593.0721,929.3297
266.0000,1022.0000
293.5965,1010.5490
325.6875,1005.3396
356.4036,1000.3851
387.7433,995.0873
417.9896,990.2260
448.1701,985.4296
477.7415,980.5101
507.8340,976.0524
536.7845,971.3621
566.3778,967.0604
595.2227,962.5334
264.3976,1051.5040
296.5254,1045.7542
327.6696,1040.4081
359.3344,1035.0691
390.1066,1029.8946
420.5581,1024.6710
450.3022,1019.6085
480.5275,1014.6921
509.7244,1009.7535
539.7243,1004.8265
568.4503,1000.4118
597.5868,996.0397
267.1531,1086.6352
298.9581,1080.8284
330.6719,1075.2932
361.4213,1069.7644
392.5115,1064.2454
423.0926,1059.0238
453.4058,1053.3526
482.5329,1048.4117
512.5691,1043.4142
541.8510,1038.5139
570.8569,1033.8169
599.6546,1028.7805
269.5772,1122.0563
301.8924,1115.7102
332.7593,1110.0873
364.2944,1104.1788
395.1499,1098.4528
425.2208,1092.9461
454.9365,1087.6209
485.3293,1082.3457
514.7120,1077.0879
544.2952,1071.8660
572.8382,1066.9312
601.9638,1062.2807
276.0000,1162.0000
303.9707,1150.6292
335.6497,1144.6965
366.4331,1138.6884
397.5084,1132.8401
427.2383,1127.4245
457.8626,1121.3550
487.1489,1116.0675
517.3919,1110.4487
545.9875,1105.3483
575.4053,1100.0385
603.9397,1095.0517
274.8705,1191.9971
307.0198,1185.3021
337.9654,1179.3474
369.3453,1173.0121
399.3975,1167.2260
430.0811,1161.2382
459.9661,1155.3909
489.7470,1149.6875
519.2039,1144.0228
548.5899,1138.4615
577.2519,1133.0763
606.4156,1127.7728
282.0000,1232.0000
309.1595,1220.0305
340.7877,1213.4545
371.4598,1207.2554
402.2073,1200.9821
432.8477,1194.7550
462.5343,1189.0247
491.8943,1183.0045
521.4840,1177.2983
550.6617,1171.6662
579.5044,1166.0712
608.2151,1160.4222
280.0157,1261.1082
312.3139,1254.1986
343.1157,1247.8129
374.1672,1241.1217
404.4700,1234.8388
434.9655,1228.5397
464.7400,1222.4230
494.3116,1216.3745
523.3557,1210.2992
552.8181,1204.4208
581.6493,1198.6724
610.3514,1193.1725
283.1303,1295.5450
314.5749,1288.5675
345.9800,1281.6198
376.3735,1275.2274
407.3791,1268.5051
437.6633,1262.3398
467.3681,1255.6273
496.5589,1249.3466
526.1038,1243.3050
554.9467,1237.3330
583.7255,1231.4188
611.9839,1225.5242
285.6536,1330.0682
317.5198,1322.5378
348.2247,1315.7316
379.4232,1308.8611
409.6061,1302.2930
439.8600,1295.4396
469.1619,1288.8938
499.1529,1282.5508
527.7215,1276.3628
557.3255,1269.8431
585.5091,1263.9675
614.3546,1257.9556
288.6799,1363.8021
319.9452,1356.5924
351.1335,1349.3602
381.4779,1342.5045
412.4189,1335.4464
442.3289,1328.8931
471.8984,1322.1556
500.8333,1315.3931
530.3517,1309.0535
559.1355,1302.4788
588.2784,1296.2512
615.9909,1289.9927
291.3059,1398.4623
323.2893,1390.6748
359.0000,1380.0000
384.7891,1376.4863
414.5109,1369.2794
444.5257,1362.3055
474.2995,1355.4784
503.7725,1348.5060
533.3381,1341.8516
562.7595,1335.5195
596.0000,1325.0000
618.6279,1322.3193
269.0466,310.0122
307.7731,307.6654
346.7725,305.0125
385.4834,302.7373
424.2765,300.3702
462.9070,298.2599
501.7001,295.9042
540.5023,293.7723
579.2346,291.5191
617.8293,289.4615
656.4618,287.3898
694.8597,285.5747
271.9664,349.0487
310.4901,346.4095
349.2271,344.2619
387.9093,341.7322
426.5842,339.4197
465.1728,336.8267
503.7375,334.8350
542.2682,332.5479
580.8033,330.5552
619.3170,328.3836
658.0538,326.2753
696.1902,324.4104
274.5381,387.5567
313.1638,385.2026
351.5616,382.6590
390.3266,380.3405
428.5702,377.9903
467.3397,375.7284
505.6896,373.3243
544.0935,371.2247
582.5096,368.8525
620.8765,366.9153
659.2828,364.6429
697.7515,362.8022
277.1063,426.2129
315.5184,423.7688
354.0498,421.4102
392.6641,418.7549
431.0856,416.5523
469.2752,414.1609
507.8852,411.9507
545.8985,409.5579
584.4446,407.5345
622.5833,405.2040
660.7679,403.2959
698.9774,400.9059
279.6543,464.4937
318.0099,462.2214
356.2631,459.5855
394.7614,457.2865
433.3631,454.8064
471.5300,452.5607
509.5797,450.0722
547.9047,447.9719
586.0669,445.5247
624.2982,443.6329
662.5136,441.3094
700.5442,439.2823
282.2214,502.7339
320.3187,500.2273
358.7494,497.8161
396.9912,495.3195
435.5178,493.0190
473.6004,490.5156
511.7169,488.4123
549.7680,486.0205
588.1296,483.8902
626.0074,481.4770
664.1597,479.4531
702.1035,477.2220
291.0000,535.0000
322.7879,538.3167
361.0466,535.7419
399.3520,533.4143
437.5576,530.6455
475.6782,528.6624
513.7434,525.9727
551.9033,524.0448
589.8221,521.3963
627.7633,519.4873
665.6504,517.1289
703.7720,515.1519
294.0000,584.0000
325.3797,575.9765
363.5131,573.6232
401.4476,571.0837
439.6077,568.7443
477.4558,566.0097
515.9103,563.8887
553.6636,561.4691
591.8022,559.2403
629.7024,556.8970
667.4766,554.9469
705.4234,552.6588
289.8307,615.8139
327.8785,613.5808
365.8547,611.1125
403.9188,608.7686
441.8674,606.2253
479.8637,603.9629
517.8243,601.3405
555.6507,599.2292
593.5773,596.6923
631.4798,594.7786
669.1541,592.3719
707.0071,590.3753
292.3795,653.5501
330.4809,651.0842
368.2366,648.7252
406.1737,646.0640
443.9779,643.8551
481.7623,641.0607
519.7606,639.0892
557.4229,636.4270
595.3503,634.4056
633.1399,631.9124
671.0889,629.9423
708.7315,627.4154
294.8750,690.6266
332.7573,688.1826
370.7341,685.6673
408.3560,683.5446
446.1862,680.8503
483.9924,678.6125
521.5616,676.0428
559.3943,673.8111
597.1908,671.3232
635.0215,669.3024
672.7305,666.8173
710.3969,664.8795
297.5768,727.7590
335.1105,725.1785
372.8784,722.9926
410.4441,720.3153
448.2066,718.1057
485.6457,715.5231
523.6550,713.2353
561.0779,710.6025
599.0897,708.6667
636.6183,706.1289
674.5653,704.0137
711.9498,701.6894
299.8393,764.5859
337.6902,761.9518
375.3589,759.5308
412.9663,757.2752
449.9146,754.7358
487.9714,752.5894
525.3683,750.0404
563.2340,747.8459
600.7452,745.1454
638.3700,743.3321
675.8977,740.7360
713.6616,738.7884
302.5424,801.4576
339.9796,798.9199
377.7110,796.5400
415.2011,794.0896
452.5778,791.7700
489.8672,789.2280
527.4295,787.1439
565.1075,784.5933
602.6395,782.4631
639.9169,779.8560
677.7718,778.0078
715.2488,775.5145
312.0000,833.0000
342.4941,835.7419
379.8037,833.5337
417.5654,830.9394
454.9420,828.8599
492.1162,826.5436
529.6011,824.0348
567.2422,821.5333
604.5737,819.3820
642.0328,817.0770
679.5389,815.0152
717.2148,812.7499
314.0000,882.0000
344.8439,872.7473
382.5537,870.4223
419.7605,867.7982
457.2049,865.6541
494.0897,863.1701
531.6811,860.9112
568.9649,858.4116
606.5588,856.4935
643.7524,854.0591
681.3378,851.9485
718.9020,849.5375
309.6986,911.4100
347.5242,908.9415
384.5222,906.5923
422.2142,904.2811
459.0178,901.9068
496.3539,899.8262
533.5595,897.1636
571.2053,895.1531
608.1925,892.8536
645.7325,890.8484
683.1703,888.3548
720.6503,886.3660
312.7096,947.6412
349.5619,945.2514
386.9902,942.8955
423.8983,940.5356
461.7453,938.0673
498.3222,935.7991
535.6308,934.0773
572.7819,931.1443
610.2396,929.3190
647.4765,926.9750
685.1268,924.9416
722.0654,922.7686
321.2809,978.8909
351.9812,981.4208
389.0814,978.7720
426.6893,976.5347
463.4231,974.2088
500.7593,972.1523
537.5939,969.7135
575.1786,967.5446
612.1664,965.1505
649.6262,963.2820
686.6233,961.0331
723.9103,959.2689
323.0000,1027.0000
354.1207,1017.4983
391.6368,1014.9124
428.3720,1012.6125
465.9778,1010.3794
502.2805,1008.3181
539.9906,1005.7227
576.7997,1003.2578
614.2821,1001.4680
651.0652,999.2382
688.3654,997.3582
725.4949,995.1249
319.0826,1055.7773
356.7585,1053.3637
393.4402,1050.7461
430.9835,1048.4662
467.4713,1046.2227
505.1584,1043.7587
541.7449,1041.4166
578.8814,1039.4965
615.8260,1037.1348
653.1127,1035.3102
689.9540,1033.0090
727.3622,1030.9336
321.9884,1091.3232
358.7104,1088.7200
396.0421,1086.4727
432.7205,1084.1107
470.1018,1081.8109
506.5100,1079.6473
544.0785,1077.2337
580.4875,1075.0205
617.8291,1073.0390
654.4460,1070.6292
691.7830,1068.8135
728.5555,1066.7305
323.9691,1126.8837
361.3465,1124.3935
397.7702,1122.0687
435.4064,1119.6036
471.5200,1117.7387
508.8845,1115.0654
545.4897,1112.6650
582.7865,1110.5837
619.3003,1108.5336
656.5958,1106.5291
693.1283,1104.2952
730.3587,1102.4177
326.6565,1162.3041
363.2282,1159.9329
400.4860,1157.4167
436.8429,1155.2092
474.1564,1152.7686
510.7057,1150.4478
547.6927,1148.2575
584.1033,1146.0009
621.5044,1143.9562
657.8416,1141.7082
695.0457,1139.7865
731.5807,1137.6412
335.0000,1193.0000
365.8821,1194.9866
402.5244,1192.7111
439.3385,1190.4180
475.7975,1188.1158
512.9843,1185.7718
549.2059,1183.5291
586.3483,1181.2836
622.8466,1178.9521
659.8891,1177.0987
696.4772,1174.9578
733.3445,1172.9869
337.0000,1240.0000
367.8124,1230.0025
404.7295,1227.6046
441.3411,1225.2457
478.2673,1222.8596
514.5822,1220.8451
551.5110,1218.5878
588.0438,1216.2939
624.8381,1214.2328
661.1568,1212.1256
698.0686,1209.9633
734.5380,1207.7820
333.3227,1267.0836
370.3168,1264.8149
406.7334,1262.5087
443.6192,1260.3455
479.9835,1257.8653
516.8374,1255.6288
553.0203,1253.4371
589.9053,1251.2421
626.2856,1248.8523
663.0657,1246.9037
699.1984,1244.7004
736.1025,1242.7975
336.0679,1301.8309
372.2381,1299.5389
409.2219,1297.1343
445.2827,1294.7988
482.2957,1292.5942
518.3234,1290.6201
555.2712,1287.9855
591.2760,1285.7668
628.2860,1283.8418
664.4095,1281.5272
701.1046,1279.5820
737.3120,1277.4194
338.0894,1336.3076
374.8359,1334.1771
410.9036,1331.7520
447.7708,1329.5845
483.9369,1327.3097
520.7535,1324.9453
556.7363,1322.6664
593.5525,1320.4814
629.6567,1318.2410
666.2815,1316.5057
702.4200,1314.1044
739.0203,1312.2150
340.7112,1370.7773
376.7980,1368.4723
413.4075,1366.3003
449.5053,1363.8186
486.2018,1361.8195
522.3969,1359.3634
558.9163,1357.2439
594.7111,1354.8065
631.4383,1352.7228
667.5864,1350.5961
704.1830,1348.7463
740.2822,1346.4033
342.7350,1405.4969
374.0000,1397.0000
421.3628,1394.4653
451.9671,1398.6437
488.2009,1396.2262
524.3766,1394.0135
560.6234,1391.9078
592.0000,1383.0000
640.0000,1382.0000
664.0000,1380.0000
712.0000,1378.0000
737.0000,1375.0000
340.8035,272.4377
379.7270,272.1195
417.4500,271.4088
454.4559,271.0202
490.4638,270.5957
525.4173,270.5916
561.6577,270.3815
596.5518,270.2573
630.7675,269.9310
664.2003,269.7651
696.7879,269.7989
727.6203,270.1770
342.7540,317.9192
381.1515,316.8932
418.5817,316.2728
455.4553,315.3614
492.5444,314.6242
527.4284,314.0898
561.0513,313.7627
595.9132,312.9650
630.0580,312.5618
663.4822,312.1839
696.8772,311.8473
729.6154,311.4711
344.8106,362.7370
382.8557,361.6517
419.9151,360.4828
456.8156,359.1942
492.5581,358.2070
529.5464,357.0713
563.1523,356.4090
596.2260,355.6311
629.4933,354.6354
662.6175,354.1227
695.6168,353.1700
728.6759,352.6213
347.4183,407.6993
384.8125,406.1473
422.2451,404.5540
458.4413,402.9626
494.3182,401.6220
529.5207,400.2556
565.4809,398.9113
598.0113,397.7926
630.7296,396.7967
663.8849,395.5517
695.6721,394.7562
727.4861,393.5528
349.5892,452.2348
387.3266,450.3235
423.9982,448.3501
460.5330,446.4985
496.3812,444.6873
531.6937,442.8882
565.5331,441.3267
600.7695,439.9216
632.0257,438.4747
664.6433,437.0837
696.6922,435.7128
728.3742,434.4788
351.9051,496.4887
389.1740,494.1522
426.3389,491.9326
462.4090,489.6260
498.1121,487.5828
533.3227,485.3991
567.6626,483.6634
601.6687,481.7066
634.6466,480.1879
666.0965,478.2018
698.2864,476.6561
729.6348,474.8774
354.2455,540.4218
391.5964,538.0606
428.4159,535.0217
464.3625,532.7144
499.9807,530.2267
534.7647,527.9772
569.6259,525.4561
602.4705,523.4439
637.1580,521.1545
667.7371,519.3252
699.5385,517.1270
731.2636,515.3661
356.5938,584.2494
393.9345,581.1829
430.4389,578.4342
466.3459,575.4080
501.7935,572.6910
537.1440,569.7213
571.4797,567.2753
604.1104,564.7446
637.3198,562.5105
670.5823,560.0446
701.0807,557.9334
732.6633,555.2793
359.3897,627.7633
396.2965,624.4982
432.6921,621.2650
468.2788,618.2971
503.7662,614.9203
538.5154,611.8988
572.2831,608.8011
605.5562,606.2404
638.3769,603.1928
672.2674,600.8431
702.6957,598.0991
734.5604,595.5064
361.6880,671.2204
398.5476,667.5311
434.6269,664.1103
470.3431,660.4352
505.4986,657.1722
540.0903,653.5937
574.7852,650.5711
607.2525,647.0588
640.0234,644.1934
672.5504,641.0259
705.5023,638.2845
736.1494,635.1765
364.2851,714.2397
400.6981,710.2985
437.1231,706.4544
472.5087,702.7091
507.4326,698.7733
541.9416,695.1877
576.2130,691.3820
608.9394,688.0864
641.6430,684.5827
674.3425,681.3201
706.1851,678.0683
737.8846,675.0218
366.7518,757.2425
403.1958,752.7932
439.3475,748.6349
474.4841,744.5192
509.5709,740.5511
544.5708,736.3492
577.6577,732.4375
610.6586,728.6912
643.6253,725.0672
675.9106,721.2804
708.1592,717.8290
739.6299,714.3851
375.0000,795.0000
405.6632,795.2558
441.4482,790.6128
476.7951,786.3272
511.8452,781.7056
545.7324,777.6273
579.3242,773.1805
612.5772,769.3101
645.5247,765.0613
677.8369,761.4615
709.8066,757.2846
741.5884,753.8644
377.0000,848.0000
408.0780,837.3839
443.8230,832.6685
478.6815,827.6617
513.9529,823.1098
547.4572,818.5547
581.1985,814.1741
614.4295,809.3897
647.2696,805.4875
679.7153,800.9460
711.6381,797.2508
743.4737,792.8989
374.6401,885.2166
410.4387,879.7932
445.9753,874.7088
481.1640,869.8018
515.8197,864.7896
549.7614,860.0201
583.5830,855.1250
616.5734,850.2135
649.3011,845.7811
681.9264,841.1317
713.6427,837.0267
745.4974,832.6403
377.2088,927.5787
412.9050,922.2033
448.4547,916.8070
483.1953,911.2394
518.0666,906.1383
552.5509,900.6561
585.4391,895.7228
618.5364,890.7008
651.3547,886.0160
683.5363,881.1255
715.6862,876.6208
747.4086,872.0155
385.0000,965.0000
415.6046,963.7855
450.5711,958.0787
485.6597,952.5031
520.4054,946.8795
553.9878,941.3743
587.3441,936.1025
620.5143,930.8561
653.3833,925.6176
686.1530,920.6338
717.6939,915.6600
749.5887,911.0925
387.0000,1017.0000
417.6481,1005.3787
453.3235,999.3113
487.7118,993.3331
522.1523,987.6051
555.9914,981.5750
590.1967,976.4393
622.5214,970.5502
655.4711,965.2006
687.8856,959.8606
719.8985,954.6675
751.6965,949.6312
390.0000,1048.0000
420.1432,1046.8950
455.2664,1040.4462
490.1918,1034.1755
524.1166,1027.9944
558.5289,1021.8245
591.8549,1015.9245
624.6381,1010.3502
657.1597,1004.5245
689.9244,998.9603
721.5717,993.5444
753.6590,988.3638
392.0000,1100.0000
422.1949,1087.9044
457.7467,1081.2704
492.3199,1074.6050
526.8189,1068.3183
560.9011,1062.1530
593.7286,1055.7983
626.4071,1049.5884
659.5352,1043.7443
691.5112,1037.7487
723.7214,1032.3925
755.0674,1026.6026
388.9515,1136.1567
424.6827,1128.9921
459.5545,1122.0133
494.5743,1115.1704
529.0470,1108.3738
562.6021,1101.7349
595.5845,1095.2078
628.7661,1088.8498
661.1462,1082.6129
693.6841,1076.4040
725.3206,1070.5748
757.1998,1064.9308
391.5693,1176.8956
426.7177,1169.5830
462.0272,1162.2285
496.5176,1155.1309
530.9389,1148.1486
565.2248,1141.2993
598.3218,1134.4321
630.5123,1127.7161
663.1394,1121.4426
695.3769,1114.8212
727.0594,1108.9035
758.4947,1102.6817
393.5819,1217.7510
429.3182,1209.8688
463.9980,1202.4425
499.0037,1194.9056
533.3289,1187.9755
566.3162,1180.5765
599.4323,1173.3617
632.4792,1166.5696
664.7687,1159.9922
697.0330,1153.1730
728.6879,1146.9254
760.2607,1140.5546
396.1491,1258.1932
431.3037,1250.3699
466.4286,1242.3176
501.1037,1234.7172
534.9137,1227.1146
568.0677,1219.6345
601.7569,1212.2596
633.9105,1205.3148
666.8140,1198.3753
698.5314,1191.2719
730.5006,1184.7112
761.5752,1178.2319
404.0000,1293.0000
433.7113,1290.2310
468.6147,1282.1403
503.1616,1274.0665
536.7931,1266.2423
570.2605,1258.8154
603.6105,1251.0919
635.9389,1243.7397
668.1497,1236.4393
700.2856,1229.3134
731.5984,1222.5080
763.1397,1215.6765
406.0000,1344.0000
435.7929,1329.9702
470.8257,1321.6392
504.9426,1313.2365
538.9389,1305.1654
572.8521,1297.3782
605.5256,1289.4832
637.5549,1281.7385
670.1199,1274.2991
701.7916,1267.0647
733.4512,1259.6841
764.5220,1252.7360
402.7361,1378.2717
438.6180,1369.3063
472.9252,1360.8540
507.3983,1352.4562
540.8453,1343.9192
574.2429,1335.6503
607.3299,1327.8018
639.7375,1319.7449
671.4698,1312.0292
703.4189,1304.4640
734.8013,1297.2284
766.0190,1289.8572
405.5727,1417.6403
440.4463,1408.7560
475.3479,1399.7808
508.9654,1391.2198
543.3129,1382.5613
577.0280,1374.3442
609.2823,1365.6257
641.1460,1357.5944
673.4601,1349.6240
705.2051,1341.7045
736.6225,1333.8203
767.2447,1326.4689
407.5184,1457.1884
442.9384,1447.8982
477.3397,1438.7468
511.6618,1429.6942
545.0858,1421.1720
578.3021,1412.1853
610.6106,1403.5791
643.0598,1395.2406
675.0522,1386.9401
706.6595,1379.0056
737.4994,1371.0468
768.6724,1363.3557
410.1524,1496.3502
445.2671,1486.7936
479.5763,1477.4127
513.5298,1468.2881
547.2752,1459.0945
580.3531,1450.1556
612.9589,1441.2952
644.7417,1432.5337
676.6543,1424.2240
707.9562,1415.7439
739.6579,1407.7441
769.8254,1399.6892
412.7434,1535.7169
447.9675,1526.1049
482.3858,1516.5438
516.3985,1506.7911
549.2603,1497.4404
578.0000,1483.0000
621.0000,1473.0000
647.0135,1470.3717
679.2813,1461.7640
711.3549,1453.3427
741.8293,1445.1522
771.6534,1436.3828
467.7322,252.2768
515.3107,249.5728
562.7021,246.7853
610.1553,244.3022
657.6696,241.5323
704.3666,239.2471
751.7041,236.6624
799.1815,234.3448
846.0706,231.9684
893.1781,229.5070
939.8263,227.0228
985.9537,224.9740
470.4037,300.3634
517.5766,297.5307
564.9976,294.7355
612.1536,292.2515
659.5993,289.5626
706.3510,286.9627
752.8816,284.8200
799.8638,282.3547
846.9038,280.0239
893.4991,277.4335
940.3759,275.0555
987.1436,272.8278
472.7772,347.8157
520.0879,344.9833
566.9679,342.2343
614.2044,339.5945
661.0749,336.8133
708.4436,334.2978
754.7493,332.1074
801.1208,329.6568
847.4938,327.1624
893.9479,324.9140
940.4401,322.3414
987.2180,320.2691
475.6060,395.0222
522.3461,392.2929
569.4481,389.4697
616.3628,386.7398
663.1694,384.1990
709.7117,381.4618
756.7409,379.1031
802.6079,376.5544
848.8252,374.4274
895.2198,372.0381
941.1302,369.6029
987.0791,367.0999
477.8529,442.0273
524.8051,439.1297
571.5724,436.4465
618.4080,433.6859
665.2314,430.8562
711.8015,428.4524
757.9963,425.6995
804.7839,423.4035
850.1341,420.9624
896.2268,418.7074
942.0439,416.3197
988.0206,413.8701
480.4118,488.6220
527.0467,485.8456
573.8140,483.0871
620.4788,480.3506
667.1740,477.5581
713.5222,474.7360
759.8008,472.4686
806.2685,469.9252
852.1295,467.5053
897.5644,464.8564
943.3836,462.6912
988.9813,460.2609
482.6981,534.9349
529.5633,532.3435
576.0363,529.2312
622.6061,526.6416
669.0244,523.9234
715.4742,521.2685
761.6279,518.5970
807.7287,516.0716
853.8658,513.5237
899.0119,511.1902
944.4651,508.5670
990.1696,506.3873
485.3393,581.2105
531.8029,578.4047
578.3767,575.4600
624.6018,572.6322
671.1090,569.8811
717.1373,566.8638
763.5687,564.5400
809.1473,561.8651
855.0340,559.4485
900.7834,556.8357
945.8116,554.4811
991.4692,552.0636
487.7597,626.9968
534.1961,624.3310
580.4707,621.3036
626.8372,618.5578
673.0720,615.7746
719.2160,612.9404
764.9020,610.2491
810.7858,607.5855
856.3391,604.8537
902.3961,602.5692
947.2786,600.0038
992.6368,597.5592
490.0111,672.9570
536.5083,670.0876
582.6999,667.1825
628.8707,664.2234
674.9871,661.3125
721.0092,658.4005
766.9116,656.0219
812.2647,652.9016
857.8735,650.5024
903.3730,647.6687
948.9827,645.3255
993.8672,642.7097
492.4883,718.3768
538.7445,715.3933
584.8224,712.4795
631.1426,709.5176
676.7985,706.6702
722.7835,703.8328
768.3652,700.9200
813.8913,698.2591
859.3829,695.3978
904.7841,692.9236
950.0805,690.3367
995.3454,687.7105
495.1163,763.5009
540.9755,760.4968
587.2574,757.5372
632.9060,754.6129
678.9802,751.7192
724.4737,748.8567
770.1006,745.9091
815.3782,742.9753
860.9615,740.5033
906.1152,737.6777
951.4913,735.1617
996.4647,732.5852
497.3056,808.4235
543.5355,805.4933
589.3111,802.5505
635.1490,799.5271
680.6163,796.5933
726.3946,793.6394
771.5939,790.6730
817.1209,788.0721
862.2519,785.0521
907.5350,782.6024
952.6790,779.7217
997.8018,777.3187
499.8925,853.4565
545.5827,850.3483
591.4261,847.5367
637.0348,844.4446
682.8633,841.4487
727.8216,838.4813
773.4808,835.5562
818.6805,832.5977
863.8881,829.8036
908.9134,826.9999
954.0594,824.5673
999.0421,821.8152
502.3124,898.6618
547.8130,895.5380
593.6461,892.5714
639.2522,889.4858
684.8262,886.5482
730.0381,883.5612
775.4877,880.6509
820.6219,877.4838
865.6117,874.7725
910.7709,871.9222
955.5577,869.5253
1000.4295,866.7586
504.9207,943.2301
550.2351,940.3917
595.9917,937.1830
641.3457,934.2625
687.0672,931.1699
731.9081,928.2308
777.2851,925.0751
822.0416,922.2318
867.3264,919.5076
911.9945,916.4747
957.1084,913.9792
1001.7289,911.3116
513.2458,980.2004
552.6947,984.5959
597.8378,981.3421
643.4148,978.4841
688.6725,975.4905
733.7865,972.4525
778.7585,969.2083
823.8097,966.5256
868.7175,963.5037
913.6921,960.7938
958.1433,957.9551
1003.1290,955.4442
515.0000,1038.0000
554.6367,1028.5946
600.1874,1025.5750
645.2765,1022.3902
690.5954,1019.3470
735.5036,1016.3061
780.6623,1013.5071
825.1277,1010.3363
870.1454,1007.6518
914.7723,1004.6750
959.6973,1001.8315
1004.0744,999.2415
518.0000,1070.0000
557.1584,1072.5167
602.0601,1069.1979
647.5328,1066.2115
692.2150,1062.9128
737.4227,1060.0929
782.1461,1057.0399
826.7970,1053.9927
871.4569,1051.0590
916.4471,1048.3063
960.6132,1045.5349
1005.5049,1042.8412
520.0000,1125.0000
558.9600,1115.8343
604.3787,1113.0015
649.1885,1109.5898
694.3128,1106.7377
739.0325,1103.6473
783.7681,1100.4726
828.2069,1097.3993
873.1696,1094.7026
917.4385,1091.6665
962.1617,1089.0997
1006.2856,1086.3670
516.2473,1162.3441
561.6196,1159.1255
606.2303,1156.0623
651.5639,1152.8376
695.9607,1149.9595
740.8368,1146.7713
785.1638,1143.6097
829.9175,1140.6169
874.1581,1137.6942
918.8630,1134.8307
963.0060,1131.9731
1007.5705,1129.5504
518.8591,1205.2485
563.4480,1201.9780
608.5108,1198.8399
652.9728,1195.5155
697.8212,1192.6044
742.0958,1189.7111
787.1524,1186.4856
831.0512,1183.4139
875.7650,1180.5400
919.7288,1177.5916
964.2271,1174.8561
1008.2689,1172.0413
520.7905,1247.9680
565.7010,1244.6893
610.1704,1241.4980
655.2095,1238.3007
699.3294,1235.3138
743.9049,1232.2679
788.1180,1228.9073
832.7630,1225.9879
876.7447,1222.9366
921.2134,1220.1874
965.1799,1217.3418
1009.5152,1214.6790
523.1316,1290.4093
567.7484,1287.0464
612.4533,1283.9572
656.5780,1280.6626
701.4878,1277.5819
745.4051,1274.4291
789.8816,1271.4202
833.7668,1268.2997
878.2744,1265.4032
921.9062,1262.4753
966.4561,1259.7181
1010.0037,1256.9960
532.0441,1326.5145
569.9056,1329.1429
614.2413,1326.0229
658.7710,1323.0566
702.8820,1319.6429
747.3282,1316.6276
791.0569,1313.5831
835.3257,1310.5312
879.1139,1307.3910
923.2227,1304.5996
967.0289,1301.6191
1011.2673,1298.9907
534.0000,1381.0000
571.7226,1370.9082
616.3844,1367.8165
660.3871,1364.6017
704.7064,1361.6301
748.5721,1358.5698
792.9106,1355.3519
836.3806,1352.2822
880.5349,1349.2421
924.1846,1346.2096
967.9297,1343.5491
1011.7465,1340.6337
529.6153,1415.8379
574.0957,1412.6670
618.0408,1409.4510
662.3711,1406.2203
706.0997,1402.9341
750.3616,1399.9890
793.9956,1396.8403
838.0197,1393.6958
881.6131,1390.5872
925.4623,1387.7499
968.9767,1384.9340
1012.6019,1382.3480
532.0569,1457.2810
575.8833,1454.0631
620.2059,1450.7754
663.9024,1447.6276
708.1513,1444.7168
751.7086,1441.5444
795.6609,1438.0353
838.9478,1434.7842
882.8944,1432.2025
926.2800,1428.9830
969.9668,1426.0745
1013.3257,1423.4462
533.9788,1498.4855
578.1977,1495.3795
621.8008,1491.9250
665.9749,1488.8499
709.5943,1485.6233
753.3460,1482.5237
796.6260,1479.4290
840.6261,1476.2335
883.8226,1473.1581
927.4141,1470.4363
970.6062,1467.2534
1014.2401,1464.5278
536.3622,1539.3707
579.8463,1536.2378
623.9178,1532.8558
667.5302,1529.7058
711.2404,1526.6364
754.7911,1523.5980
798.3552,1520.4712
841.5494,1516.8429
885.0720,1513.9780
928.2738,1510.9487
971.8384,1508.4073
1014.9231,1505.2866
538.3962,1580.6632
582.3244,1577.6171
625.7782,1574.3313
669.6241,1571.1112
713.0124,1567.6431
750.0000,1558.0000
808.0000,1555.0000
843.0847,1558.2240
886.4781,1555.5955
930.1725,1552.8544
973.2100,1549.9926
1015.8500,1546.6206
560.9677,205.2212
607.1869,205.1586
651.4935,205.0542
694.9317,205.2116
737.6742,205.1275
777.4677,205.7031
819.7288,205.9928
860.3824,206.1803
899.7017,206.3657
938.0069,206.4759
975.1479,206.7279
1009.7933,207.5539
562.4912,262.2276
607.8623,261.5405
652.2957,261.0002
695.2336,260.5634
738.7023,260.1210
779.5572,259.8865
817.8885,259.9443
858.1876,259.5587
897.6979,259.3891
935.8244,259.0884
974.2160,258.9523
1011.6301,258.7694
564.5203,318.3862
609.3772,317.4344
652.9250,316.2512
696.0602,315.2320
737.8316,314.2691
780.9183,313.2384
819.8315,312.6704
857.4755,312.2768
895.5557,311.4604
933.6716,310.7433
971.5179,310.2081
1009.1371,309.7082
567.0203,374.3332
611.3103,372.6165
655.2562,370.9795
697.6987,369.4410
739.4033,368.0121
779.8844,366.5240
822.0221,365.3745
859.1180,364.4082
896.3168,363.2955
934.1858,362.1362
970.1206,361.0901
1006.2012,360.0515
569.0183,429.6409
613.6582,427.4136
656.8632,425.2726
699.5153,423.2986
741.0882,421.2458
782.0154,419.4413
820.9627,417.6925
861.9342,416.0956
897.4406,414.5162
934.3719,412.9868
970.6255,411.4483
1006.3940,410.0267
571.5832,484.6378
615.5519,481.9374
659.1963,479.2427
701.1425,476.6456
742.6035,474.2442
783.9837,471.7341
822.6302,469.5810
862.2764,467.3716
899.8082,465.4468
935.3226,463.3374
971.6342,461.5035
1007.2289,459.4682
573.6591,539.2361
617.7957,536.1293
660.8084,532.7630
703.0494,529.7371
744.4529,526.6360
784.6061,523.9658
824.7476,521.0897
862.2516,518.4697
902.2404,515.8762
936.6322,513.5439
972.4821,511.0605
1008.2404,508.7087
576.2068,593.5974
619.9401,589.7703
663.0970,586.1473
704.8238,582.5461
745.8013,578.9788
786.8703,575.3930
826.1555,572.2978
863.7142,569.0327
901.7550,566.0860
939.6078,563.1485
973.6891,560.4331
1009.5738,557.4349
578.8463,647.6856
622.3326,643.2781
665.0044,638.9958
706.6904,635.0286
747.6118,630.8219
787.9052,627.0145
826.7313,623.1299
864.8324,619.5563
902.1005,616.0000
941.0133,612.6601
975.1176,609.2227
1010.8386,606.0945
581.3532,701.3934
624.5778,696.5609
667.1347,691.8256
708.4774,687.0297
749.3592,682.6340
789.1487,678.2050
829.3474,674.1415
866.0483,669.6848
903.6046,665.7063
940.2800,661.7704
977.8209,657.9609
1012.0693,654.3052
583.8218,754.7276
626.7189,749.3373
669.1524,744.1789
710.5858,738.9254
751.0014,733.8474
790.8766,728.9280
830.3690,724.2233
867.5896,719.5156
904.9104,714.9153
941.7195,710.6877
977.8867,706.4041
1013.7257,702.2756
586.2556,807.7181
629.0426,801.7845
671.3064,796.1338
712.3320,790.4230
753.0007,784.8837
793.6082,779.4586
831.2834,774.2012
869.0528,768.8414
906.6570,764.1318
943.1938,759.1274
979.6026,754.5930
1015.1952,750.0660
594.0000,855.0000
631.5337,854.0120
673.3160,847.7259
714.4728,841.6078
755.5192,835.5668
794.2581,829.6475
832.4628,823.9384
870.7908,818.4539
908.1939,812.8524
944.9955,807.7554
980.9758,802.5216
1016.7459,797.6270
591.2433,913.1655
633.5145,906.2141
675.5119,899.4912
716.2494,892.7386
757.1306,886.3535
795.5109,879.7819
834.3289,873.6555
872.3064,867.4901
909.6117,861.6179
946.3552,856.0619
982.5495,850.4637
1018.0345,845.0322
593.8828,966.1014
635.8807,958.5876
677.6294,951.3117
718.4673,944.0958
758.6495,937.2758
797.7493,930.3242
836.9419,923.6827
874.2965,916.7975
911.3969,910.5901
948.4836,904.4658
984.1991,898.6065
1019.8268,892.6738
596.4323,1018.3457
638.4357,1010.3949
679.9124,1002.6449
720.3778,994.8859
760.7979,987.4658
800.5945,980.2902
837.9556,973.0238
875.8057,966.0250
913.0949,959.4091
949.6371,952.6983
985.9450,946.3763
1021.5059,940.1910
604.0000,1065.0000
640.8390,1061.5818
681.8378,1053.2471
722.6690,1045.2136
762.8626,1037.3027
801.5997,1029.4337
839.7433,1021.8641
877.5356,1014.6046
914.9018,1007.3828
951.8971,1000.3421
987.5639,993.4951
1023.3162,986.9777
601.3614,1121.4002
642.8852,1112.5082
684.5027,1103.5512
724.2998,1095.0491
764.1649,1086.7742
803.2704,1078.4745
842.4318,1070.7272
879.1116,1062.6412
916.5772,1055.1125
953.3461,1047.8038
989.2631,1040.5816
1025.1533,1033.4549
609.0000,1167.0000
645.3445,1162.9135
686.0653,1153.6570
726.5508,1144.7992
765.8881,1135.9243
805.2031,1127.1688
843.6467,1118.8303
880.8110,1110.7099
917.7265,1102.4622
954.9976,1094.8071
990.7024,1087.1215
1026.8671,1079.6725
611.0000,1228.0000
647.1044,1212.9430
688.1912,1203.5876
728.2525,1194.0132
768.1825,1184.6740
807.7472,1175.8817
844.9514,1166.7416
882.3177,1158.2764
919.6272,1149.8917
955.9195,1141.6318
992.4341,1133.6392
1027.8224,1125.7972
607.6224,1273.1807
649.4694,1262.5894
690.0251,1252.6655
730.5044,1242.8904
770.2822,1233.3966
808.5531,1223.6477
846.3951,1214.4010
884.1353,1205.4368
920.8928,1196.6117
957.6943,1188.0856
993.4006,1179.6874
1029.2328,1171.5964
610.0610,1322.6022
651.4222,1311.8807
692.0716,1301.4198
731.8773,1291.1538
771.3949,1281.3079
810.9744,1271.5557
848.6216,1261.7767
885.2473,1252.1764
922.5696,1243.0228
959.1760,1234.0507
994.7903,1225.1946
1030.2023,1216.7828
611.9117,1372.0986
653.5136,1360.7732
693.8750,1350.0358
734.0989,1339.2925
774.0704,1329.1217
811.5797,1318.4713
849.2981,1308.5406
886.9753,1298.6104
923.7519,1289.2872
960.0640,1279.8564
995.8186,1270.8341
1031.3361,1261.8853
614.3527,1420.9418
655.4284,1409.5648
695.8836,1397.9569
735.8344,1387.3845
774.8185,1376.3110
812.9156,1365.6143
851.0576,1355.1343
887.8979,1345.0480
925.3585,1335.0554
960.9767,1325.3872
996.9647,1315.9850
1032.1339,1306.8362
622.0000,1463.0000
657.4899,1457.6785
697.6898,1446.0907
737.5475,1434.5731
776.4831,1423.3536
814.7349,1412.3600
852.7819,1401.6970
889.5298,1390.9927
926.0136,1380.6050
962.3566,1370.6786
997.8210,1360.7946
1033.2750,1351.2705
624.0000,1523.0000
659.3739,1505.4937
699.7753,1493.4434
739.2104,1481.4565
778.2744,1469.9486
817.1140,1458.7738
854.2852,1447.4508
890.9169,1436.4130
927.4039,1425.8007
963.5679,1415.5018
998.8400,1405.1716
1033.8104,1395.4159
620.3884,1565.7238
661.5915,1552.9607
701.5650,1540.4674
741.3441,1528.2034
779.8352,1516.1417
817.8496,1504.5673
855.6630,1493.1935
892.3881,1481.5450
928.5957,1470.6710
964.4826,1459.8123
1000.2080,1449.7878
1034.8561,1439.2206
622.7668,1613.1898
663.6203,1599.9829
703.5509,1587.1984
742.6581,1574.6400
781.7960,1562.2766
820.7038,1550.6967
856.9498,1538.4979
893.4148,1526.7621
929.9044,1515.4645
965.8141,1504.4128
1000.8380,1493.3594
1035.6765,1482.7841
624.8121,1660.5753
665.5940,1647.1855
705.4204,1633.8340
744.7526,1621.0575
783.4655,1608.3901
821.2998,1595.6923
858.1787,1583.3627
894.9607,1571.6132
930.8569,1559.8025
966.8216,1548.3602
1001.4569,1537.3235
1036.3775,1526.5133
627.2172,1707.3210
667.8231,1693.7911
707.6041,1679.9719
746.4942,1666.7118
785.1761,1653.5994
823.2697,1641.0927
859.9710,1628.3608
896.0005,1615.9948
932.0654,1603.9315
967.6436,1592.3464
1003.4316,1580.9480
1037.2739,1569.6064
629.6496,1754.7905
670.3547,1740.8545
710.3191,1726.8541
749.1189,1712.9478
787.0190,1699.3594
824.3720,1686.1615
861.5499,1673.5547
898.1293,1660.7264
934.7881,1648.8705
971.2450,1636.8702
1005.7378,1625.1664
1038.7133,1612.9921
135.6622,343.7024
168.2804,341.3577
201.4543,338.5383
234.8122,336.1781
267.9723,333.4878
301.6857,331.2296
335.0346,328.5249
368.7315,326.1618
402.6330,323.5506
436.8638,321.3191
471.2891,318.7994
505.6597,316.5026
138.7110,378.0993
171.3966,375.5150
204.3059,372.9395
237.2813,370.4995
270.6487,367.9806
304.3189,365.5846
337.9060,363.4127
371.5581,360.7082
405.5235,358.4359
439.2496,355.8089
473.6733,353.6269
507.7648,351.3111
141.4590,411.7701
174.4263,409.4888
207.2863,406.9763
240.3362,404.6656
273.6354,402.1185
306.6786,399.9479
339.9235,397.2227
374.2051,395.1445
407.9740,392.5693
441.7021,390.4703
475.5063,388.1598
509.9017,386.0324
144.2397,445.7208
177.1254,443.2493
209.5997,441.1949
242.9273,438.6374
275.9842,436.3476
309.2587,433.9732
342.4362,431.8669
376.1177,429.2523
410.0734,427.3187
443.6481,424.7473
477.8324,422.6924
511.9539,420.2783
147.1814,479.3843
179.4089,477.3333
212.1465,474.6643
245.0738,472.6857
278.7933,470.3224
311.3027,468.1293
344.7050,465.6491
378.5159,463.6873
412.2447,461.3303
445.8631,459.3308
479.7766,456.7543
514.0523,454.9193
149.6942,513.0193
181.9915,510.6984
214.9479,508.5415
247.7743,506.0548
280.7972,504.1088
313.7295,501.7639
346.8101,499.8924
380.6742,497.4622
414.3229,495.5907
448.2750,493.2275
481.9606,491.2990
515.7563,488.9154
152.2684,546.2711
184.9530,544.0374
217.4338,541.8830
250.3111,539.9514
283.2874,537.6077
316.4675,535.5927
349.7519,533.4118
383.0239,531.5062
416.0682,529.2070
449.8560,527.5224
483.6966,524.9793
517.8742,523.2937
154.8333,579.8301
187.3942,577.4202
219.9995,575.4546
252.7031,573.2139
285.3881,571.5036
317.7076,568.7824
351.5464,567.2492
385.1592,564.7763
418.5104,563.1967
451.8152,560.8120
485.5914,559.2480
519.5262,556.8973
157.4151,612.7672
190.0553,610.4366
222.4576,608.5843
255.0872,606.7376
288.3147,604.8277
320.8280,602.8108
353.9584,600.3748
387.1776,598.8958
420.6585,596.5018
453.9302,595.0027
487.6978,592.6139
521.2340,591.2354
160.2519,645.5334
192.6294,643.5359
225.1006,642.0392
257.9756,639.9384
290.2239,638.0920
323.2995,635.7810
356.0952,634.2594
389.0078,631.8304
422.5735,630.4494
456.3077,628.2420
489.7240,626.7059
523.2169,624.5571
162.5586,678.3221
195.4048,676.3182
227.5957,674.7533
260.4016,672.7819
292.9926,671.1122
325.7173,669.3745
358.2453,667.1936
391.6868,665.3840
424.6010,663.3560
457.9374,661.9912
491.6188,659.7375
525.3601,658.3715
165.4255,710.8941
197.2575,709.4037
230.4094,707.2046
262.9881,705.7002
295.2634,704.1182
327.2018,701.6768
360.8733,700.3594
393.4252,698.2384
426.5989,696.9911
459.8184,694.7642
493.4874,693.5541
526.5150,691.4971
167.4027,743.3285
200.1583,741.8290
232.2821,740.1606
265.0805,738.4996
296.8873,736.2021
330.1247,735.0998
362.7665,732.8923
395.7072,731.7981
428.3095,729.7271
461.8717,728.5969
494.8971,726.4574
528.5155,725.4193
170.2667,775.8013
202.4071,774.5705
235.2393,772.5424
267.2460,771.2380
299.8827,769.7249
332.5788,767.7985
364.9857,766.3309
397.7594,764.4288
430.5460,763.4410
463.4854,761.3455
496.9933,760.2899
530.4791,758.3588
172.7735,808.8472
205.0302,807.1758
237.5381,805.8558
269.7967,804.0080
302.2173,802.3937
334.6330,801.1461
366.8531,799.0565
399.8465,797.7438
432.8267,796.3400
465.9362,794.8034
498.9972,793.5090
532.3050,792.0139
175.3886,841.1926
207.4783,839.8544
240.0058,838.1173
271.9944,837.0141
304.6501,835.2325
336.0441,833.3145
369.7306,832.2003
402.0905,830.5451
435.2820,829.4785
468.0364,827.5939
501.1439,826.8962
534.0497,825.3788
177.1096,873.6573
209.9002,872.0837
241.9083,870.5706
274.6249,869.0817
306.0994,867.2429
339.2807,866.2106
371.7456,864.7498
404.6311,863.2222
436.6578,862.1326
469.8214,861.3444
502.9167,859.4359
535.9616,858.7946
180.2116,905.7057
211.9253,904.6473
244.5123,902.5223
276.1202,901.5692
309.2106,899.6138
341.0770,898.4196
373.8550,897.3556
406.1766,895.9144
439.2744,894.8851
471.7362,893.3199
505.0259,892.6436
537.6218,891.3234
182.0021,937.8128
214.4677,936.4152
246.2044,934.8102
279.1749,933.7444
310.8443,932.0749
344.0341,930.6666
375.5468,929.7079
408.5724,928.6074
440.9921,927.1118
474.1333,926.5104
506.4772,925.2310
539.9409,924.6122
188.0000,977.0000
216.4595,968.5032
249.0366,967.0349
280.6700,965.7477
313.7141,964.2753
344.7418,962.9868
378.2547,962.2828
410.4032,960.5584
443.7097,959.7849
475.6807,958.7332
508.8827,958.1050
541.5552,956.8887
186.6603,1001.7548
219.1961,1000.1772
250.6509,999.0335
283.4402,997.8309
314.8550,996.7407
348.1763,995.1939
379.9262,994.2681
412.8809,993.3062
445.0976,992.2699
478.2480,991.3652
510.5209,990.3500
543.8041,989.6716
189.7054,1033.0328
221.1574,1032.1706
253.6509,1030.6204
285.0640,1029.8362
317.9335,1028.3771
348.9922,1027.4646
382.3347,1026.3327
414.3573,1025.2917
447.4964,1024.4617
479.1732,1023.6600
512.9635,1022.7220
545.1320,1022.0275
191.4834,1064.8010
223.7965,1063.6649
255.3642,1062.6414
287.7820,1061.3642
318.9374,1060.4579
352.2112,1059.3814
384.1041,1058.2620
416.9931,1057.3432
448.8410,1056.3981
482.0864,1055.7430
514.2462,1055.2135
547.5486,1054.5778
194.3389,1096.2194
225.5227,1095.3679
258.0832,1094.2050
289.4197,1093.1861
322.1662,1092.0680
353.7880,1091.3010
386.5797,1090.2540
418.4128,1089.5699
451.2453,1088.7856
483.4444,1087.9846
516.3985,1087.4941
548.7946,1086.7704
196.3269,1127.9297
228.3718,1126.6070
259.7354,1125.9800
292.2948,1124.9114
323.7866,1124.0996
356.5260,1123.3264
387.7673,1122.2077
420.9822,1121.6597
452.8716,1120.6426
485.7267,1119.9956
517.9618,1119.5773
551.0949,1118.8629
203.0000,1165.0000
230.4065,1158.1252
262.4550,1157.2129
293.9792,1156.3197
326.4701,1155.5808
357.6774,1154.8367
390.4478,1153.8118
422.4977,1153.3375
455.1026,1152.5923
487.2112,1152.1243
520.3174,1151.4124
552.5008,1150.8745
201.1142,1190.2150
232.9494,1189.4735
264.3239,1188.3766
296.5792,1187.7066
328.0679,1187.0571
360.4482,1186.2946
392.1164,1185.8854
424.7982,1184.7357
456.5886,1184.1773
489.6569,1183.8703
521.4781,1183.3226
554.5218,1182.9071
203.8867,1220.9741
234.8383,1220.4130
266.9249,1219.7405
298.3525,1219.0316
330.6187,1218.2797
361.5164,1217.7821
394.4623,1217.2302
426.1988,1216.5591
458.9703,1216.0034
490.8358,1215.3922
523.8448,1214.8837
556.0628,1214.5906
205.7146,1252.0577
237.5175,1251.7001
268.6924,1251.0010
300.7139,1250.2924
332.0292,1249.7638
364.6588,1249.1017
395.9754,1248.5031
428.7046,1248.1211
460.2730,1247.6212
493.1639,1247.0665
525.2545,1246.7283
558.1791,1246.4532
208.4978,1282.8867
239.4826,1282.3986
271.4569,1282.0384
302.5466,1281.4471
334.7064,1280.8127
366.2020,1280.3335
398.4779,1279.8622
430.2812,1279.2488
462.6405,1279.0626
494.7189,1278.5192
527.1359,1278.4792
559.4958,1277.9479
210.4031,1314.2040
242.0502,1313.6738
273.1827,1313.3721
305.1859,1312.7175
336.5897,1312.3126
368.5406,1311.7496
406.0000,1309.0000
432.3814,1310.8929
463.9557,1310.7015
496.4503,1310.8074
528.4218,1310.4836
561.3527,1310.0222
331.3155,292.1880
362.2101,292.3929
391.7661,292.3140
420.5813,292.4906
449.3623,292.4540
475.8469,292.9029
504.0725,292.7672
531.1516,293.3279
557.4179,293.3746
582.7998,293.9319
606.9918,294.3259
630.2197,294.5908
332.9199,334.2063
363.5850,333.7119
393.0291,333.4318
422.1914,332.9632
450.6394,332.7436
478.0051,332.5611
503.6539,332.7192
530.4773,332.4051
557.1820,332.4508
582.5122,332.3136
607.7447,332.3629
630.7769,332.3916
335.1456,375.5743
365.2559,374.6932
394.3322,374.1680
423.1724,373.3519
451.0223,372.6618
479.6729,372.1983
506.1005,371.5078
531.3840,371.3567
556.5892,370.6717
582.1229,370.5707
607.5166,370.0124
631.8010,369.7041
337.7024,416.8340
367.2316,415.6886
396.5952,414.6588
424.9320,413.5125
452.9046,412.6207
480.4517,411.5491
508.0116,410.7078
533.2888,409.8083
558.2939,409.2914
583.8155,408.3353
608.2200,407.9122
632.5214,406.8402
339.8616,457.9109
369.6737,456.4921
398.6753,454.7051
427.1163,453.6142
454.8612,452.0402
481.9141,450.9477
509.1204,449.2704
534.9834,448.4878
560.2840,447.0615
585.1690,446.3590
609.3724,445.0469
633.6097,444.3701
342.3754,498.7690
371.8591,496.7224
400.8379,494.9597
429.1481,493.0673
456.8584,491.5408
485.1153,489.5942
511.3737,488.3750
536.3020,486.5236
562.2263,485.3642
586.6592,483.5831
611.0446,482.5824
635.2772,480.9134
344.6655,539.4310
374.2514,537.2686
402.9825,534.8745
431.1279,532.9206
459.0582,530.5392
485.8169,528.7309
512.7114,526.5023
538.9051,524.8232
564.1174,522.8057
588.6166,521.2955
612.9951,519.4387
637.3303,518.0030
347.1853,579.9205
376.7545,577.1575
405.2680,574.7283
433.4983,572.0733
460.9364,569.5677
488.5055,567.0217
514.8055,565.0903
540.2368,562.6932
565.6241,560.6649
591.4128,558.2192
614.7342,556.6481
639.0913,554.4207
350.0980,620.2055
379.2495,617.3338
407.6310,614.1068
435.6541,611.4669
462.9382,608.5504
490.4387,605.7599
516.2522,602.8019
541.7646,600.7502
567.1992,597.6277
593.3624,595.6153
616.6071,593.0543
641.1894,590.9082
352.4463,660.4821
381.7240,656.8724
410.0568,653.6617
437.6425,650.4154
464.8992,647.3920
491.8192,643.9114
519.0562,641.1645
543.8644,638.0153
569.2925,635.4288
593.8746,632.4575
619.3762,629.9945
643.0982,627.0793
355.2780,700.1938
383.8658,696.6353
412.3599,692.8269
440.1530,689.3849
467.2879,685.5933
493.8945,682.4557
520.6181,678.6939
545.8155,675.8438
571.2396,672.3792
595.9807,669.4984
620.7110,666.1111
645.2707,663.4455
357.9580,740.0479
386.5517,735.5622
414.8217,731.8238
442.3250,727.6975
469.4029,724.2120
496.8833,719.8881
522.4421,716.6045
547.7061,712.7409
573.1825,709.5811
597.9927,705.8299
622.9842,702.9173
647.3281,699.1460
360.5841,779.2773
389.2812,774.9069
416.9678,770.4733
444.8152,766.3204
472.1198,761.9791
498.1510,758.1970
524.1641,753.8920
549.8431,750.2359
575.5984,746.0354
600.5980,742.7602
625.0847,738.6405
649.4248,735.3683
363.2282,818.7476
391.3311,813.8051
419.7136,809.3710
446.8075,804.5728
473.8721,800.4149
500.4493,795.7815
526.3494,791.5258
551.9061,786.9827
577.3064,783.4310
602.6132,778.7598
627.2171,775.0803
651.7008,771.1046
366.1658,858.3200
394.1298,853.2869
422.0729,848.1038
449.5527,843.0765
476.3796,838.4924
502.6869,833.9138
529.2364,828.8926
554.2806,824.5333
579.7831,819.9246
605.2678,815.5613
629.7109,811.5385
654.2698,807.3123
368.9340,897.6586
396.9951,892.3141
424.7941,886.7975
451.7245,881.4532
478.9173,876.4598
505.9523,871.1883
531.2171,866.4258
556.6144,861.5041
582.1707,857.0606
607.4604,851.9735
632.0482,847.8435
656.5326,843.2085
371.3484,936.7031
399.6546,930.7832
427.0525,925.0424
454.4955,919.6602
481.4856,914.1560
507.8353,908.6830
533.6155,903.2700
559.2413,898.3233
584.7860,893.1364
609.7963,888.6749
634.4302,883.3401
659.4035,878.7393
374.2557,975.4437
401.8699,969.2424
429.9545,963.3830
456.7444,957.1244
483.7498,951.4023
510.1503,945.6154
536.5684,940.7025
561.4674,934.6061
587.3022,929.3799
612.2876,924.3635
637.1790,919.1369
661.7479,914.2200
376.5095,1014.2886
404.8605,1007.5766
432.0556,1001.2703
459.6474,994.7058
485.8359,988.8463
512.7351,982.7020
538.6475,976.8369
563.9666,971.1839
589.5834,965.2877
614.9705,960.1761
639.3345,954.7075
664.2945,949.5323
379.2351,1052.8315
406.7551,1045.9171
434.9683,1039.0787
461.6862,1032.4650
488.8224,1026.0264
515.5978,1019.8014
540.8208,1013.7629
566.3027,1007.3564
591.9081,1001.7819
616.7092,995.7206
641.9836,990.2158
666.4991,984.4738
381.5530,1091.2279
409.7232,1083.9753
436.9529,1076.9353
464.4270,1069.7844
491.3851,1063.1640
517.5467,1056.3053
543.0641,1049.8527
569.0849,1043.4313
593.9063,1037.5109
619.4564,1031.3838
643.9279,1025.4119
668.7715,1019.6656
384.2565,1129.2571
411.8648,1121.7706
439.4804,1114.3694
466.5158,1107.1080
493.6393,1099.8051
520.4249,1093.1306
546.1283,1086.0469
571.0187,1079.4926
596.6898,1072.8447
621.5466,1066.6157
646.3895,1060.5568
670.6840,1054.3390
386.4929,1167.4918
414.7752,1159.2388
441.7361,1151.7274
469.3764,1143.8580
496.5510,1136.8038
521.9029,1129.3215
547.5850,1122.3409
573.4953,1115.3659
598.6704,1108.5996
623.6654,1101.8619
648.3590,1095.4794
672.9229,1089.0421
389.0339,1205.2333
416.6525,1197.1037
444.4210,1188.8252
471.4571,1181.1593
497.9550,1173.2775
523.7889,1165.6530
550.0956,1158.3488
575.3844,1150.9961
601.1345,1143.8450
625.4044,1137.1601
650.6175,1130.3043
674.8528,1123.4981
391.2981,1242.8688
419.4249,1234.1522
446.6982,1225.9578
473.8684,1217.7242
500.2154,1209.7395
526.5867,1201.8210
552.5401,1194.2914
577.8010,1186.5574
602.5674,1179.2678
627.8667,1171.8771
652.2227,1165.1576
676.8101,1158.1204
393.9489,1280.1532
421.7458,1271.4125
449.2780,1262.5963
475.9887,1254.2145
502.7184,1245.9410
529.4016,1237.8375
554.6927,1229.8550
579.7691,1221.8287
605.0513,1214.3046
630.0021,1206.8017
654.4669,1199.5605
678.6551,1192.3007
396.2464,1317.4347
424.4503,1308.2881
451.6365,1299.2891
478.7172,1290.4849
504.9496,1281.8501
530.9899,1273.3737
557.0396,1265.1730
582.2038,1257.2238
606.9125,1249.1859
631.7949,1241.4302
656.6202,1233.6139
680.8368,1226.2726
398.9951,1354.4131
426.6046,1344.9697
454.0720,1335.8859
480.6703,1326.6726
507.8798,1317.5781
533.9942,1309.3619
559.2857,1300.3163
584.2529,1292.1215
609.3672,1283.7778
634.0759,1275.9648
658.4476,1267.7413
682.2420,1260.4737
401.3187,1391.3584
429.5231,1381.5481
456.5393,1371.9978
483.6400,1362.7405
509.8041,1353.7681
535.7831,1344.3741
561.1080,1335.5643
586.6744,1326.9445
611.1209,1318.5348
636.0289,1310.2717
659.8849,1302.2487
684.3955,1294.0459
404.0421,1428.0022
431.9149,1417.8866
459.2486,1408.1415
485.6827,1398.4788
512.1805,1389.0094
538.2513,1379.7883
563.5864,1370.6785
588.3647,1361.8223
613.3839,1353.0422
637.7026,1344.5409
662.6745,1336.3561
686.0027,1327.6636
406.6815,1465.2177
434.9648,1454.5901
462.1720,1444.6146
488.6651,1434.8090
514.6986,1425.0267
540.5074,1415.2233
565.8216,1405.7769
591.0152,1396.6084
616.5902,1387.5240
641.7915,1379.1000
665.4705,1370.5343
688.4860,1361.5800
427.2283,266.1546
471.9531,262.7843
517.2937,259.4757
562.7355,256.2815
608.2069,252.8313
654.2192,249.9257
700.0120,246.6210
746.4399,243.7311
792.7052,240.4778
839.6525,237.3961
886.3326,234.3743
933.3353,231.3131
430.2679,312.0531
474.7318,308.7061
519.9770,305.5862
565.2675,302.5192
610.7856,299.2965
656.3708,296.3423
702.4203,293.6008
748.2710,290.4142
794.6305,287.4933
840.9264,284.4097
887.8456,281.4730
934.4360,278.6194
432.9596,357.2357
477.7120,354.4087
522.4517,351.1248
567.8702,348.3173
613.0121,345.0767
658.6105,342.2430
704.2809,339.2950
750.3151,336.5973
796.4745,333.6841
842.6399,330.9110
889.1172,328.1448
935.7714,325.2728
435.6953,402.6333
480.2753,399.5584
525.1046,396.7353
570.0754,393.7136
615.4451,390.8167
660.7790,388.1131
706.3602,385.3170
752.0488,382.5119
798.1638,379.9370
844.1245,377.0675
890.4105,374.5944
937.0052,371.6823
438.3154,447.4741
482.7746,444.6617
527.5123,442.0117
572.4896,439.0786
617.7477,436.3492
662.9882,433.5783
708.2654,430.6471
754.1058,428.2589
799.8351,425.4296
845.7662,422.9670
891.8172,420.3506
938.3536,417.7903
440.8514,492.3105
485.2901,489.4131
529.8683,486.7557
574.7206,483.9922
619.8828,481.3725
664.8541,478.6129
710.3890,476.2125
755.8419,473.4557
801.7397,471.0639
847.3088,468.4579
893.4875,466.1738
939.6876,463.5799
443.4513,536.6223
487.8240,534.1848
532.3255,531.2984
577.0521,528.8250
621.8759,526.1862
667.2393,523.7166
712.2979,521.0341
757.8288,518.7231
803.2442,516.2429
849.1035,513.9072
894.7716,511.3855
940.9310,509.0700
446.0207,580.9889
490.2565,578.4363
534.7011,575.9236
579.1921,573.2190
624.2062,570.8475
668.7279,568.2310
714.2646,565.9419
759.6011,563.3447
805.2526,561.2110
850.6213,558.7325
896.3868,556.6606
942.2492,554.3659
448.5043,624.9075
492.6400,622.6617
536.9839,620.0818
581.6465,617.8083
626.2550,615.2013
671.3972,612.8333
716.1703,610.4738
761.5643,608.2909
806.7066,605.7990
852.3672,603.7260
897.8499,601.4010
943.7242,599.2993
451.0019,668.8468
495.2116,666.4934
539.4924,664.2904
583.8177,661.7125
628.5862,659.4253
673.3446,656.9179
718.0707,655.1400
763.2076,652.6086
808.5788,650.6226
853.7871,648.2496
899.6395,646.3075
944.9670,644.1791
453.5887,712.3089
497.6286,710.1758
541.6398,707.8128
586.0231,705.6535
630.5652,703.2297
675.4559,701.1582
719.9073,698.8649
765.0773,696.8256
810.1209,694.5714
855.6284,692.6577
900.9362,690.5810
946.4046,688.6317
456.1172,755.6862
499.7945,753.4535
543.9505,751.4334
588.0456,749.1958
632.8376,747.0756
676.8627,744.8593
721.9362,742.8132
766.7721,740.6465
811.8206,738.8535
857.0079,736.6616
902.4476,734.8825
947.7595,732.9067
458.4738,798.7707
502.2671,796.7203
546.1774,794.6334
590.4487,792.6093
634.2929,790.5948
679.2979,788.5739
723.6384,786.4972
768.6440,784.6117
813.5085,782.5505
858.6894,780.8666
903.7046,778.8294
949.2200,777.1561
461.0167,841.7542
504.5070,839.7321
548.5191,837.9473
592.4476,835.8506
636.8010,834.1326
681.0568,832.0363
725.7008,830.2501
770.2622,828.2281
815.2979,826.4649
860.0883,824.6332
905.3129,823.0206
950.4391,821.3118
463.5858,884.9938
507.0713,882.9979
550.7529,881.3291
594.7890,879.6592
639.0727,877.9025
683.1850,876.0185
727.4782,874.1857
772.1996,872.2465
816.9621,870.5154
861.8110,868.7767
906.6207,867.2799
951.7997,865.5750
466.1220,927.8407
509.3513,926.2479
553.2684,924.6353
596.9775,922.7194
641.3844,921.1552
684.7820,919.3408
729.5873,917.7192
773.9593,915.8715
818.7778,914.5146
863.3051,912.6200
908.3047,911.2069
953.1939,909.7292
468.3637,970.4921
511.8929,968.7316
555.3721,966.9746
599.3496,965.6188
642.9198,964.0352
687.2624,962.3748
731.3398,960.6708
775.7744,959.1699
820.1275,957.6436
864.8995,956.2637
909.4837,954.7358
954.5270,953.5242
471.0781,1012.7086
514.0613,1011.1551
557.7664,1009.6884
601.1093,1008.0496
645.3737,1006.6839
689.1259,1004.9376
733.2535,1003.8643
777.2365,1002.0443
821.8888,1000.7416
866.2009,999.3467
910.9629,998.2278
955.5628,996.7463
473.2066,1054.6074
516.4545,1053.4727
559.7472,1051.6819
603.6300,1050.5013
647.0415,1048.9744
691.1953,1047.7042
734.6022,1046.3371
778.9924,1044.9514
823.2351,1043.4468
867.8060,1042.4156
912.0546,1041.1567
957.0213,1040.2727
475.9098,1096.6480
518.5686,1095.2266
562.2994,1093.9598
605.3158,1092.5966
649.2626,1091.4351
692.4161,1090.2064
736.6135,1088.8151
780.3474,1087.3339
824.8333,1086.5162
868.8981,1085.1265
913.5995,1084.2036
957.8382,1083.0606
477.8020,1138.1149
521.2283,1136.9119
564.0283,1135.7255
607.6952,1134.5732
650.5610,1133.4116
694.6681,1132.1128
738.0902,1130.8538
782.3399,1129.6596
825.9749,1128.5662
870.4823,1127.6724
914.5762,1126.7010
959.3054,1125.7070
480.5293,1179.4640
523.2975,1178.2104
566.5413,1177.1351
609.3911,1175.8990
653.1190,1174.8403
695.8096,1174.1763
739.9836,1172.8250
783.6367,1171.5551
827.6179,1170.7563
871.4186,1169.6448
915.9312,1168.8617
960.0278,1168.0006
482.5362,1220.4575
525.7379,1219.3302
568.3667,1218.3032
611.8456,1217.2222
654.2729,1216.6089
698.2366,1215.3382
741.3231,1214.1848
785.4189,1213.3045
828.8603,1212.4993
873.1846,1211.5871
916.8945,1210.8259
961.3771,1210.2675
485.2711,1261.3850
527.6650,1260.3331
570.7332,1259.4276
613.1681,1258.5442
656.8296,1257.4766
699.6389,1256.4119
743.3298,1255.7443
786.4649,1254.8153
830.3902,1254.1696
873.9558,1253.2745
918.2203,1252.7020
962.1843,1252.0403
493.0000,1300.0000
530.1175,1301.0818
572.4813,1300.3025
615.5542,1299.5184
658.2434,1298.4880
701.6185,1297.6490
744.4358,1297.0593
788.1530,1296.3070
831.5288,1295.4052
875.4840,1294.8250
919.0981,1294.0715
963.2736,1293.7593
489.8603,1342.2321
531.9667,1341.3414
574.8232,1340.5460
617.3423,1339.7590
660.3677,1339.1664
702.7114,1338.7014
746.4587,1337.8815
789.4617,1336.7964
832.8151,1336.5929
876.3239,1335.8484
920.2850,1335.4435
964.1051,1335.0753
497.0000,1380.0000
534.5338,1381.7133
576.5673,1380.8630
619.4051,1380.3826
661.9544,1379.5571
705.0054,1379.0098
747.4457,1378.4169
791.1092,1377.8176
834.0859,1377.3260
877.8675,1376.7064
920.9484,1376.4402
965.0957,1376.1343
494.3544,1422.1351
536.2600,1421.5651
578.8136,1420.8453
620.9572,1420.4678
663.7541,1420.1167
706.0934,1419.7355
749.3391,1418.7687
792.0809,1418.2137
835.5500,1417.9773
878.5398,1417.5779
922.4946,1417.1427
965.8510,1416.8385
496.3313,1461.8059
538.7455,1461.4736
580.5971,1460.7697
623.1848,1460.4932
665.2421,1460.2098
708.2228,1459.5566
750.5709,1458.9259
793.8473,1458.6910
836.7887,1458.3960
880.2353,1457.9219
923.2046,1457.6478
966.9255,1457.7051
498.8432,1501.2617
540.3992,1500.8245
582.7552,1500.5305
624.5751,1500.2581
667.4245,1499.7812
709.4147,1499.4922
752.2404,1499.2686
794.7953,1498.6207
838.0422,1498.6288
881.1389,1498.3584
924.4338,1498.4795
967.5215,1497.9469
500.9089,1541.0927
542.7674,1540.9806
584.4531,1540.6417
626.7800,1540.3285
669.1280,1539.9207
711.2704,1539.5717
760.0000,1536.0000
796.5881,1538.9534
839.1990,1539.3263
882.1817,1539.6718
931.0000,1536.0000
968.8790,1538.9031
98.6831,366.1413
129.0656,363.5600
160.0426,360.8473
190.6353,358.1346
221.6157,354.9825
252.3417,352.7899
283.4450,349.7402
314.4969,347.2350
345.1898,344.2992
376.7019,341.9881
407.6605,339.2122
439.2963,336.9333
101.7079,397.5975
132.2113,394.8568
162.8019,392.0783
194.0570,389.1302
224.7485,386.4012
255.3588,383.6941
286.2917,381.4622
317.2815,378.3095
348.1857,376.1109
379.2100,373.2144
410.4260,370.8486
441.5926,368.1328
104.6009,428.3400
135.1893,425.8403
165.9918,422.8193
196.3622,420.5545
227.6790,417.3789
258.0295,415.1404
289.1626,412.0170
319.6602,409.8234
351.0650,406.8560
381.5035,404.5889
412.5269,401.8291
443.9186,399.4827
107.7777,459.2413
138.3057,456.5509
168.8642,453.8623
199.6767,451.2081
229.9725,448.6755
261.1462,445.5852
291.3462,443.5174
322.2236,440.4472
353.2802,438.3428
384.3632,435.3892
415.2508,433.2939
446.2918,430.4112
110.6031,489.9183
140.9854,487.3646
171.5155,484.6133
202.0389,482.2072
233.2927,479.5968
263.2030,477.0952
294.0824,473.7733
324.8706,471.4761
355.8247,468.8187
386.8149,466.5248
417.6589,463.7567
448.6652,461.5588
113.3852,520.9488
143.7889,517.9711
174.6438,515.2794
205.0603,512.6853
235.6315,510.2491
265.8542,507.4768
296.4409,505.2833
327.5861,502.1721
358.0134,500.0788
388.8603,497.2013
420.0017,495.1119
450.6477,492.0756
116.5967,551.1772
146.8806,548.8141
177.4823,545.9075
208.2724,543.2580
238.2854,540.7144
268.7818,538.4457
299.4562,535.5049
330.2221,533.1950
360.5916,530.3105
391.5019,528.4700
422.4794,525.3855
453.3871,523.2882
119.4019,581.6446
149.6810,579.0368
179.7228,576.8327
210.7533,573.7553
241.3519,570.9985
270.8178,568.3693
302.5454,566.2922
332.7885,563.4278
363.2907,561.5201
393.7193,558.5358
424.5530,556.4339
455.5625,553.5006
122.2379,612.0340
153.1489,609.0992
182.8158,606.7860
213.2524,604.3166
244.2212,601.8500
274.2801,599.2846
304.6512,596.4998
334.8382,594.6559
365.7567,591.4899
396.2824,589.4949
427.3157,586.6444
457.8672,584.3829
125.3934,642.1023
155.5017,639.5543
185.6448,637.4204
216.3380,634.9891
246.8585,632.3313
277.3922,629.7127
307.0853,627.2537
337.8462,624.3143
368.0334,622.6247
398.8114,619.4381
429.6502,617.4937
460.0958,614.6279
127.9362,672.5945
158.2688,669.5429
188.6419,667.5265
219.3287,664.7101
249.3644,662.3467
280.0139,659.8618
309.4726,657.0688
340.4544,655.1321
370.6670,652.2793
401.2185,650.2734
431.6739,647.2843
462.5606,645.4820
130.8234,702.3842
161.1260,699.7841
191.4729,697.4853
221.7473,695.1835
251.9738,692.5986
281.9223,689.4491
312.3904,687.8083
342.4498,684.9766
373.2743,682.9889
403.6362,679.9589
434.1746,678.3314
464.8326,675.4874
133.4258,732.4973
164.0647,729.7451
193.7381,727.5221
224.9148,724.7072
254.1001,722.1302
285.2886,719.6354
315.3146,717.5279
345.2381,715.6475
375.6298,712.7083
405.5503,710.9551
436.4612,707.9244
467.1861,706.2161
141.0000,769.0000
166.5311,759.9088
197.2125,757.1699
227.1057,755.0510
257.4442,752.4329
288.0425,750.3640
318.3605,747.4814
347.7357,745.4487
378.0163,743.6632
408.2672,740.3792
439.1315,738.6057
469.4836,735.9270
138.8661,792.6873
169.3284,789.8010
199.4254,787.5322
229.8575,785.2296
260.7508,782.9135
290.4503,780.5161
319.6958,777.6786
350.7609,775.4674
380.9269,772.8430
411.2106,771.0326
441.3800,768.9440
471.9457,766.8717
141.8505,822.6676
171.9545,820.4484
202.3918,817.5697
232.4702,815.3792
263.0274,812.6384
291.7456,810.0849
323.5347,807.7252
353.4279,805.1000
383.8015,803.8203
413.5517,801.2511
444.2494,799.1405
474.4356,796.9731
144.1884,852.5170
174.6627,849.6325
205.0270,847.5824
235.4357,844.8853
264.5306,842.2939
296.2465,839.6982
325.2975,837.8743
356.0603,835.8127
385.8925,833.0610
416.4734,831.4540
446.4697,828.8311
477.1338,827.1088
147.1657,881.8786
176.7975,879.4733
207.6604,876.9325
237.5112,874.7963
268.0266,872.3965
297.4464,870.1406
328.4574,867.5961
358.1523,865.0565
389.0027,862.9071
419.0570,860.4521
448.5385,859.7237
479.1411,856.8029
149.4439,911.8030
179.9024,909.1917
209.9759,906.7687
240.3032,904.5810
270.0905,901.9439
301.0864,899.3548
330.0951,897.2430
361.3475,894.7718
391.0643,892.8676
421.9864,890.4653
451.2751,888.7158
482.0270,886.9623
157.0000,949.0000
182.0253,938.7678
212.8998,936.3419
242.5606,934.1132
273.1556,931.8387
302.0021,929.2153
333.7378,926.6325
363.1028,924.7488
393.9296,922.8813
423.4699,920.7048
454.5220,918.3317
484.1992,916.7442
154.5686,970.4481
185.2771,968.4396
214.9715,966.3312
245.6528,963.6480
274.5855,961.4055
306.0694,958.8585
335.5996,956.5395
366.3774,954.2902
396.0712,952.2369
426.7406,950.1313
456.3803,948.1227
486.9484,946.6586
157.8670,1000.2021
187.4710,997.9238
218.0477,995.3737
247.5687,993.0451
278.0709,990.6425
307.5098,988.4407
338.4321,986.1393
367.8874,984.3257
398.8479,981.9377
428.3297,979.7645
459.4561,977.6537
489.0485,976.1242
160.0391,1029.7349
190.6916,1027.2578
220.1077,1024.9706
250.7800,1022.3992
279.9393,1020.0229
310.7036,1018.0097
340.4869,1015.8594
371.0659,1013.5585
400.4843,1011.7749
431.4597,1009.5483
461.2865,1007.5510
491.8744,1005.7527
163.1301,1058.8073
192.7946,1056.7986
223.1305,1054.3818
252.4523,1052.1312
283.2890,1049.8240
312.8610,1047.7847
343.3090,1045.5971
372.9760,1043.3640
403.7711,1041.2097
433.2635,1039.3339
464.1248,1037.0789
493.7323,1035.3552
165.2976,1088.1430
195.6856,1086.0292
225.2622,1083.8430
255.5909,1081.6789
285.5603,1079.5547
315.7787,1077.0580
345.1974,1074.7836
375.9506,1072.6917
405.6605,1070.7717
436.1881,1068.7264
465.8551,1066.7793
496.6799,1064.9163
173.0000,1124.0000
197.8562,1115.4018
228.1237,1112.9150
257.8370,1110.6909
288.1413,1108.4735
317.4239,1106.3421
348.1826,1104.2467
377.8693,1102.2098
408.5000,1100.1055
438.0761,1098.2039
468.5779,1096.4265
498.4411,1094.5238
170.6249,1146.3973
200.9199,1144.3202
230.4833,1142.2414
260.7722,1140.2198
290.4195,1138.0411
320.7215,1135.6760
350.1799,1133.5765
380.5521,1131.6235
410.3023,1129.6761
440.6523,1127.7197
470.3202,1125.8403
501.0840,1124.1411
173.7483,1175.5231
203.0825,1173.5829
233.3217,1171.2284
262.7263,1169.4009
293.2139,1166.9527
322.4254,1165.2305
353.1227,1162.9106
382.6737,1160.8012
413.1790,1158.9397
442.4822,1157.1239
473.1447,1155.1893
502.7763,1153.2753
175.9777,1204.6024
205.9996,1202.3787
235.5177,1200.3279
265.7284,1198.2538
295.2684,1196.3905
325.5513,1194.1998
355.2938,1192.2090
385.3468,1190.1484
414.9756,1188.2920
445.5209,1186.4315
475.2519,1184.4925
505.6501,1182.7845
179.1035,1233.5036
208.2891,1231.7230
238.5263,1229.4674
268.0624,1227.4042
298.2298,1225.3612
327.6473,1223.4968
357.7893,1221.4551
387.2815,1219.4719
417.8522,1217.5128
447.1961,1215.8376
477.6927,1213.9779
507.4026,1212.1006
181.3684,1263.0026
211.2366,1260.6179
240.5329,1258.8515
270.7256,1256.8779
300.2448,1254.8157
330.4593,1252.7678
360.1944,1250.7454
389.8818,1248.7787
419.9442,1246.9370
450.0749,1245.2197
479.5579,1243.5266
509.8977,1241.7424
184.2267,345.5587
215.1410,344.7025
244.5506,343.6584
274.3422,342.7143
304.0628,341.6635
332.0752,341.0612
361.3323,340.0264
389.9448,339.3656
417.7099,338.4291
445.3224,338.0160
472.1926,336.9222
497.9950,336.7602
185.9116,379.1341
216.6628,377.7545
245.9154,376.9989
275.7359,375.4824
305.2460,374.4654
333.8654,373.3015
361.5268,372.7005
390.1045,371.4197
417.8919,370.7139
445.5115,369.5241
472.6372,368.9081
499.0703,367.8967
188.1176,412.0487
218.1170,410.8747
247.7237,409.3884
277.0925,408.2487
306.3094,406.8183
335.4044,405.7329
363.5941,404.2671
390.6061,403.6068
418.3346,402.1982
445.7030,401.3922
473.1844,400.0349
500.1140,399.2623
190.5998,445.1118
220.0907,443.5624
249.7650,442.1752
278.9607,440.7236
307.9255,439.4980
336.5087,437.6210
365.1814,436.6431
392.6758,434.9123
419.8289,434.1741
446.9889,432.5048
474.2599,431.7569
500.6993,430.2611
192.0686,477.7833
222.2109,476.2780
251.4938,474.5595
280.7256,473.1724
310.0033,471.3155
337.7193,470.0613
366.1805,467.9559
394.7737,466.9222
421.3012,465.2680
448.2910,464.3238
475.5530,462.4281
502.0364,461.4157
194.5597,510.5736
224.2533,508.6325
253.5108,507.1976
282.5687,505.2377
311.2761,503.6095
340.1519,501.4991
367.7749,500.2143
396.0055,498.1624
423.2834,497.0800
449.8824,495.0274
476.8418,493.8741
503.4837,492.1901
196.3524,542.9760
226.0156,541.2253
255.4967,539.0679
284.7142,537.2798
313.3106,535.2020
341.1949,533.5459
369.5455,531.4283
397.1498,530.0220
425.3914,527.6857
451.3178,526.5989
478.2695,524.4558
504.9822,523.3342
198.9064,575.6867
228.1592,573.4415
257.3650,571.4903
286.4385,569.1453
314.9495,567.2468
343.5977,564.6027
371.5596,563.1232
398.7228,560.9561
426.0135,559.5049
453.8669,557.2707
479.8318,555.7252
506.5629,553.4728
201.1982,607.8036
230.7581,605.4233
259.3812,603.0437
288.1221,601.4044
317.0597,598.5778
344.9796,596.6954
372.8186,593.8772
400.2457,592.6072
427.2750,590.0812
455.2437,588.5788
481.3063,585.8157
507.8249,584.5150
203.2777,639.9861
232.4268,637.5629
261.7923,635.0116
289.9579,632.3570
318.3679,630.5118
346.8537,627.7271
374.6776,626.1248
402.0473,623.2237
429.2089,621.5220
456.1284,618.8434
483.5247,617.0135
509.5434,614.3977
205.5782,671.9903
235.0737,669.3032
263.7508,666.5974
292.3717,664.1744
320.5937,661.4971
348.5308,659.3018
376.0889,656.4428
403.3655,654.5706
430.8012,651.6057
457.7978,649.8779
484.4292,647.0285
511.3488,645.3884
207.8513,703.6684
237.1547,700.7446
265.8666,698.2936
294.2290,695.6435
323.3409,692.5374
350.3513,689.9113
377.9939,688.0403
405.1109,684.8314
432.3982,682.8853
459.0116,679.7469
485.8933,677.9062
512.9232,675.1086
210.1010,735.5242
239.0712,732.1985
267.7734,729.6977
296.7520,726.8807
324.4436,723.7202
351.8061,721.4635
379.6859,718.0813
406.9214,716.1573
434.2659,712.7904
461.2990,710.6796
487.7712,707.6288
514.6284,705.6727
212.4186,766.7570
241.1048,763.7803
269.7538,760.9627
298.6114,757.8886
327.4135,754.5855
354.1181,751.6142
382.0852,749.0000
408.6748,746.0745
435.6606,743.9761
462.8337,740.5117
489.5015,738.4016
516.0479,735.2480
214.5990,798.8488
243.8001,795.3339
272.2667,792.3424
300.6793,788.7956
328.6931,786.0356
356.3759,783.0453
383.7181,779.6588
410.5095,777.4582
437.9110,774.0604
464.7439,771.3215
491.6049,768.5519
517.9755,765.8863
216.6961,830.3811
245.6225,827.1661
274.5191,823.5791
302.4295,819.9942
331.0101,816.4293
358.4288,813.6093
385.8501,810.7946
412.3106,807.6388
439.6183,804.9525
466.3275,801.6654
493.4894,799.2583
520.3791,795.7057
218.6774,861.6338
247.8119,857.7018
276.1761,854.3601
305.2114,850.7845
332.9262,847.4759
361.0101,843.7629
387.5875,840.8369
415.2661,837.8566
442.1713,834.5724
469.1282,831.9151
495.5034,828.4001
522.1896,826.0106
221.5967,892.7911
249.5753,888.8852
278.6323,885.4350
306.4882,881.5578
335.0419,877.6964
362.1690,874.3256
390.6711,870.6093
416.8086,867.6458
443.7624,864.9639
471.0183,861.4971
497.7405,858.6754
523.8282,855.4340
223.0851,924.2431
251.9009,920.2354
280.1655,916.2367
309.0517,912.3447
336.5772,908.5988
364.6556,904.4526
391.7705,901.2295
419.2550,897.7819
446.0310,894.1302
473.7963,890.6210
499.5523,887.9154
526.1510,885.3111
225.4124,955.3458
253.5796,951.1556
282.4975,946.9791
310.2233,943.3391
338.8482,938.9777
366.2974,935.3418
394.1270,931.2819
420.8315,927.7184
448.5176,924.3915
474.7082,920.5449
501.6871,917.9833
527.9608,914.1418
226.8456,986.0819
256.1274,981.7521
284.1604,977.7505
313.0435,973.5240
340.5789,969.7437
368.6865,965.1989
395.3401,961.4200
423.4893,957.5741
449.6596,953.9301
477.3251,950.3593
502.9899,947.0480
530.0208,943.9488
229.5478,1016.9229
257.7380,1012.4089
286.4671,1008.2070
314.6073,1004.0173
342.7694,999.6461
370.2833,995.6947
397.9772,991.6633
424.5740,987.5162
452.0628,983.5524
478.6151,979.9510
505.4991,976.4527
531.4869,972.9101
230.9846,1047.8645
260.1620,1042.9494
288.0977,1038.6682
316.9623,1034.0395
344.5461,1030.2032
372.0936,1025.7092
398.9420,1021.5623
426.7878,1017.1225
453.2918,1013.6591
480.7336,1009.2664
506.8473,1005.7147
533.9216,1001.7922
233.5541,1078.2463
261.8856,1073.8126
290.6172,1068.8580
318.4239,1064.5302
346.4221,1059.9402
373.6584,1055.4263
401.4555,1051.2561
428.0988,1047.1973
455.6842,1042.7738
481.9685,1038.8845
509.0603,1035.0032
534.8585,1031.4570
235.0331,1109.0885
264.0922,1103.9347
292.2834,1099.5369
320.5062,1094.6841
347.9807,1090.1391
376.0846,1085.4673
403.2645,1081.1319
430.4937,1076.8150
457.0674,1072.5090
483.9526,1068.2084
510.2755,1064.3615
537.1647,1060.3528
237.7055,1139.2233
265.7868,1134.4454
294.4643,1129.4818
322.1003,1124.6223
350.3795,1119.8294
377.7825,1115.2584
405.4889,1110.6153
431.6451,1106.2241
459.2453,1101.7917
485.4894,1097.5319
512.1295,1093.1957
538.3961,1089.0441
239.1363,1169.6984
268.3377,1164.6428
295.9388,1159.7010
324.7072,1154.4269
351.8732,1149.8118
379.8434,1144.9255
406.7945,1140.3940
434.0178,1135.6378
460.3957,1131.2071
487.5251,1126.5452
513.6994,1122.4570
540.2298,1118.1478
241.7110,1199.6505
269.6571,1194.6710
298.2557,1189.7563
325.7771,1184.6044
354.3885,1179.4286
381.6107,1174.8583
408.7469,1169.7174
435.4255,1165.2352
462.3454,1160.5524
488.8978,1155.8719
515.3949,1151.2917
541.3670,1147.1226
243.4145,1230.0358
272.3839,1224.6639
300.1717,1219.6223
328.5078,1214.4229
355.6793,1209.4007
383.3936,1204.0388
410.3280,1199.2510
437.4820,1194.3688
463.9146,1189.6768
490.8313,1184.8163
516.6439,1180.2643
543.2928,1175.7494
246.0631,1260.1044
274.0522,1254.5842
302.4190,1249.1358
330.1114,1244.1031
357.9644,1238.6118
385.2915,1233.7543
412.7732,1228.5475
438.7463,1223.6981
465.7151,1218.5394
491.9335,1213.8754
519.0623,1208.8538
544.6282,1204.3201
247.8916,1290.4454
277.0954,1284.5657
304.5087,1279.2990
332.5767,1273.9266
359.6392,1268.5740
386.8581,1263.4664
414.1669,1258.0869
441.0605,1252.6829
467.8983,1247.9678
495.1498,1243.0709
521.0516,1238.3544
546.6761,1233.0479
