1,-0.538818359375,0.498275756836,1.587890625,-0.0693435668945,-0.0700569152832,-0.186805725098,2017-09-26 11:30:45.116000
2,0.355133056641,-0.78125,1.93359375,0.0242309570312,0.00934886932373,0.403076171875,2017-09-26 11:30:45.176000
3,0.297821044922,-0.628967285156,1.53045654297,0.141532897949,-0.0181083679199,-0.150024414062,2017-09-26 11:30:45.236000
4,-0.637115478516,-0.215980529785,2.01745605469,0.078182220459,0.011360168457,-0.243453979492,2017-09-26 11:30:45.296000
5,-0.386703491211,-0.0018835067749,1.87213134766,0.0468997955322,0.0405578613281,0.199287414551,2017-09-26 11:30:45.356000
6,-1.31750488281,0.18229675293,1.41735839844,-0.0624389648438,-0.106903076172,-0.387786865234,2017-09-26 11:30:45.416000
7,0.361618041992,-0.349807739258,1.50897216797,0.0373306274414,-0.0933799743652,0.151649475098,2017-09-26 11:30:45.476000
8,-0.0548477172852,-0.473220825195,2.18518066406,-0.0324859619141,-0.0771865844727,-0.0337085723877,2017-09-26 11:30:45.536000
9,-0.835479736328,-0.546569824219,2.17712402344,0.0150556564331,0.0811958312988,0.0676383972168,2017-09-26 11:30:45.596000
10,1.04931640625,-0.35383605957,2.17980957031,0.0602397918701,-0.0531139373779,0.3349609375,2017-09-26 11:30:45.656000
11,0.811340332031,-0.640625,1.46838378906,-0.0509490966797,0.00883293151855,0.396194458008,2017-09-26 11:30:45.716000
12,0.225914001465,-0.825317382812,2.2265625,-0.016227722168,-0.0968971252441,0.130035400391,2017-09-26 11:30:45.776000
13,0.415756225586,0.664123535156,1.02764892578,0.075309753418,0.00696516036987,0.261566162109,2017-09-26 11:30:45.836000
14,-0.103710174561,0.416763305664,2.77307128906,-0.0406665802002,-0.0771484375,-0.0319519042969,2017-09-26 11:30:45.896000
15,0.746917724609,0.137733459473,2.13159179688,-0.00580668449402,0.0174417495728,-0.13028717041,2017-09-26 11:30:45.956000
16,-1.11065673828,0.23787689209,1.83892822266,0.133628845215,-0.121887207031,0.0496673583984,2017-09-26 11:30:46.016000
17,0.0266752243042,0.789581298828,2.05969238281,0.0645713806152,-0.0972518920898,0.312088012695,2017-09-26 11:30:46.076000
18,0.444381713867,-0.706146240234,1.49664306641,-0.0494823455811,-0.00591826438904,0.454193115234,2017-09-26 11:30:46.136000
19,-1.66387939453,-0.953948974609,1.53057861328,0.148880004883,0.0918464660645,0.449554443359,2017-09-26 11:30:46.196000
20,-0.165000915527,0.235740661621,1.71368408203,0.0624294281006,-0.0781860351562,0.607727050781,2017-09-26 11:30:46.256000
21,-0.267028808594,-0.529052734375,1.79278564453,0.0927886962891,-0.082347869873,-0.213859558105,2017-09-26 11:30:46.316000
22,0.470260620117,0.605651855469,2.09143066406,0.074161529541,-0.0399703979492,0.110866546631,2017-09-26 11:30:46.376000
23,1.19134521484,0.268096923828,2.17797851562,-0.0323715209961,0.0229501724243,0.207885742188,2017-09-26 11:30:46.436000
24,0.0179758071899,-1.55407714844,2.51281738281,-0.0023387670517,0.10546875,0.195999145508,2017-09-26 11:30:46.496000
25,0.953918457031,-0.552215576172,1.66540527344,0.067455291748,-0.0568256378174,0.0148305892944,2017-09-26 11:30:46.556000
26,-0.23365020752,-1.22595214844,2.39599609375,-0.0299978256226,-0.0847854614258,-0.391067504883,2017-09-26 11:30:46.616000
27,0.327972412109,-0.380615234375,2.03845214844,0.0831756591797,0.0313892364502,0.425552368164,2017-09-26 11:30:46.676000
28,-0.182586669922,-0.992156982422,2.21655273438,0.079288482666,-0.00341868400574,0.200424194336,2017-09-26 11:30:46.736000
29,-0.0744743347168,-0.234451293945,2.02270507812,-0.0183296203613,0.0733909606934,0.314788818359,2017-09-26 11:30:46.796000
30,0.0737800598145,-1.06292724609,1.412109375,-0.160026550293,0.0058856010437,0.802795410156,2017-09-26 11:30:46.856000
31,-0.000844180583954,-0.969299316406,2.07482910156,-0.0920639038086,0.0275611877441,0.255966186523,2017-09-26 11:30:46.916000
32,-0.0876350402832,-0.651672363281,1.94494628906,-0.0232105255127,-0.080265045166,0.328750610352,2017-09-26 11:30:46.976000
33,-0.616180419922,0.356307983398,2.09387207031,-0.0167598724365,-0.185691833496,0.341003417969,2017-09-26 11:30:47.036000
34,0.298583984375,0.528717041016,1.40075683594,-0.0907554626465,-0.0361003875732,-0.116508483887,2017-09-26 11:30:47.096000
35,-1.55334472656,-0.648773193359,2.47045898438,0.123756408691,-0.161064147949,0.335510253906,2017-09-26 11:30:47.156000
36,0.209175109863,-0.169815063477,1.61883544922,0.00442719459534,0.0050904750824,0.327774047852,2017-09-26 11:30:47.216000
37,-0.991424560547,-0.851806640625,2.15661621094,-0.0407333374023,-0.11759185791,-0.00286662578583,2017-09-26 11:30:47.276000
38,-1.04040527344,-1.20233154297,2.37365722656,0.065559387207,-0.0490837097168,0.156616210938,2017-09-26 11:30:47.336000
39,0.491104125977,0.257476806641,2.34643554688,-0.104644775391,-0.0276412963867,-0.206039428711,2017-09-26 11:30:47.396000
40,-0.638610839844,-0.00271499156952,2.00537109375,0.0225515365601,0.00961923599243,0.144508361816,2017-09-26 11:30:47.456000
41,-0.943115234375,0.650024414062,2.08166503906,-0.0248289108276,-0.0471782684326,0.0295009613037,2017-09-26 11:30:47.516000
42,-0.811218261719,-0.793334960938,2.20568847656,0.075309753418,-0.0437488555908,0.346771240234,2017-09-26 11:30:47.576000
43,-0.6572265625,-0.954986572266,2.48059082031,0.0291290283203,-0.0145401954651,-0.0187139511108,2017-09-26 11:30:47.636000
44,-0.492904663086,-0.554656982422,2.45629882812,0.0182466506958,-0.0621318817139,-0.00101375579834,2017-09-26 11:30:47.696000
45,-0.914886474609,-1.22119140625,2.08569335938,0.0115084648132,0.107055664062,0.341003417969,2017-09-26 11:30:47.756000
46,-0.628509521484,-1.53668212891,2.69543457031,0.131973266602,-0.118019104004,0.129028320312,2017-09-26 11:30:47.816000
47,-0.951049804688,-0.567565917969,1.84875488281,-0.0546360015869,-0.0636253356934,0.161582946777,2017-09-26 11:30:47.875000
48,0.445739746094,-0.515075683594,1.62927246094,-0.0274333953857,-0.0832786560059,0.136764526367,2017-09-26 11:30:47.935000
49,1.05975341797,-0.179794311523,1.62518310547,0.0532093048096,0.0230159759521,0.0195617675781,2017-09-26 11:30:47.995000
50,-0.643615722656,-1.91363525391,2.22924804688,0.202880859375,-0.151908874512,0.204658508301,2017-09-26 11:30:48.055000
51,-0.450042724609,-0.545227050781,1.68975830078,-0.0279541015625,-0.0696792602539,-0.0344676971436,2017-09-26 11:30:48.115000
52,-1.20721435547,0.0286045074463,2.40344238281,-0.00286412239075,-0.0787467956543,0.274169921875,2017-09-26 11:30:48.175000
53,-0.762512207031,0.758148193359,2.32788085938,0.0168600082397,-0.115631103516,-0.0189943313599,2017-09-26 11:30:48.235000
54,-0.831756591797,-0.14183807373,2.01599121094,0.0769577026367,-0.0938034057617,-0.0518760681152,2017-09-26 11:30:48.294000
55,-0.763763427734,-0.034387588501,2.00817871094,-0.0247621536255,0.00663113594055,0.1103515625,2017-09-26 11:30:48.354000
56,-0.809448242188,-0.587524414062,2.328125,0.0459976196289,-0.119823455811,0.132339477539,2017-09-26 11:30:48.414000
57,-0.163261413574,-1.23675537109,1.96649169922,0.13410949707,0.049337387085,-0.0595226287842,2017-09-26 11:30:48.474000
58,-1.30102539062,0.272308349609,2.24340820312,0.0118660926819,-0.10498046875,-0.117809295654,2017-09-26 11:30:48.534000
59,-0.820831298828,-0.817474365234,1.87463378906,-0.0419044494629,-0.0855026245117,0.589965820312,2017-09-26 11:30:48.595000
60,-0.174591064453,-1.94439697266,2.05407714844,-0.0280857086182,-0.0577545166016,0.291748046875,2017-09-26 11:30:48.656000
61,-0.374588012695,0.576202392578,1.56030273438,-0.0201263427734,-0.00977563858032,-0.20972442627,2017-09-26 11:30:48.717000
62,0.347763061523,-1.33087158203,1.84454345703,0.0665168762207,0.00870323181152,0.285339355469,2017-09-26 11:30:48.777000
63,-0.992736816406,-1.01647949219,1.98284912109,0.0433216094971,-0.128402709961,0.0670127868652,2017-09-26 11:30:48.837000
64,-0.964538574219,-1.17919921875,1.70092773438,0.0893325805664,-0.0207986831665,0.17268371582,2017-09-26 11:30:48.897000
65,-0.314163208008,-0.997985839844,2.35998535156,0.0583915710449,-0.0830612182617,0.385360717773,2017-09-26 11:30:48.957000
66,-0.369216918945,-0.800354003906,2.21997070312,0.0787544250488,-0.110748291016,-0.0698394775391,2017-09-26 11:30:49.017000
67,-0.137550354004,0.419250488281,1.71130371094,-0.0402984619141,-0.055139541626,0.401702880859,2017-09-26 11:30:49.077000
68,-0.273361206055,-1.01550292969,2.11047363281,0.111804962158,-0.084056854248,0.368743896484,2017-09-26 11:30:49.137000
69,-0.234245300293,-0.476989746094,1.6416015625,0.0142850875854,0.0199022293091,-0.275115966797,2017-09-26 11:30:49.197000
70,-0.480529785156,0.228858947754,2.03247070312,-0.182243347168,0.00239062309265,0.055154800415,2017-09-26 11:30:49.257000
71,-0.119800567627,-1.177734375,1.57916259766,0.113933563232,-0.0284805297852,0.318298339844,2017-09-26 11:30:49.317000
72,0.0485172271729,-0.339920043945,2.16369628906,0.00897359848022,0.0766983032227,0.323959350586,2017-09-26 11:30:49.377000
73,-1.3173828125,0.958526611328,1.76080322266,0.0577125549316,-0.0741233825684,0.229759216309,2017-09-26 11:30:49.437000
74,-0.154586791992,-1.45587158203,1.88848876953,0.0326061248779,-0.0829277038574,-0.180313110352,2017-09-26 11:30:49.497000
75,0.500030517578,-1.04943847656,2.3525390625,0.00689673423767,0.0395526885986,0.37922668457,2017-09-26 11:30:49.557000
76,0.148529052734,-1.42614746094,2.91967773438,0.0202989578247,-0.0197467803955,0.049560546875,2017-09-26 11:30:49.617000
77,0.360870361328,0.808258056641,1.81524658203,0.0220489501953,0.0299806594849,0.283142089844,2017-09-26 11:30:49.676000
78,0.993469238281,-0.0104312896729,2.41638183594,0.0474262237549,-0.0291976928711,-0.0690994262695,2017-09-26 11:30:49.736000
79,-0.634155273438,0.377960205078,1.43121337891,0.00829696655273,-0.0638771057129,-0.0503597259521,2017-09-26 11:30:49.796000
80,-0.117660522461,-0.718444824219,2.1904296875,0.0691146850586,0.0487327575684,0.202560424805,2017-09-26 11:30:49.856000
81,-1.05590820312,-0.414321899414,2.04150390625,0.0392818450928,-0.074836730957,-0.341354370117,2017-09-26 11:30:49.916000
82,-0.605804443359,-1.20910644531,1.87145996094,-0.087646484375,0.0515422821045,0.0181369781494,2017-09-26 11:30:49.976000
83,-0.0314121246338,0.438354492188,1.43353271484,0.0561065673828,-0.0261240005493,0.475982666016,2017-09-26 11:30:50.036000
84,-0.217475891113,-1.42053222656,2.1328125,0.122169494629,-0.0310764312744,0.268905639648,2017-09-26 11:30:50.096000
85,-1.23364257812,-1.69976806641,2.09973144531,-0.0387992858887,-0.0508327484131,-0.135498046875,2017-09-26 11:30:50.156000
86,0.148574829102,-0.0719680786133,1.74566650391,0.025369644165,0.00273597240448,0.563873291016,2017-09-26 11:30:50.216000
87,-1.08648681641,-0.418212890625,2.44287109375,0.0131511688232,-0.026216506958,0.750854492188,2017-09-26 11:30:50.276000
88,-0.91064453125,0.699859619141,2.21533203125,0.144599914551,-0.0202331542969,0.324340820312,2017-09-26 11:30:50.336000
89,0.12865447998,-0.843078613281,2.20300292969,-0.0235319137573,0.0549850463867,0.264297485352,2017-09-26 11:30:50.396000
90,-0.158325195312,0.338851928711,2.6513671875,-0.0125417709351,0.0449447631836,0.184867858887,2017-09-26 11:30:50.456000
91,0.920227050781,-0.548736572266,2.19067382812,0.0187091827393,-0.0783615112305,0.384307861328,2017-09-26 11:30:50.516000
92,-0.0580539703369,0.382019042969,1.05139160156,-0.110176086426,0.0952568054199,0.642333984375,2017-09-26 11:30:50.576000
93,0.117580413818,-0.232864379883,2.15344238281,-0.0408763885498,-0.0451126098633,-0.0492172241211,2017-09-26 11:30:50.636000
94,1.16278076172,-1.08349609375,2.00988769531,-0.037914276123,0.0748519897461,0.808532714844,2017-09-26 11:30:50.696000
95,1.72985839844,-1.09753417969,2.09655761719,0.0572910308838,0.039981842041,0.79345703125,2017-09-26 11:30:50.756000
96,-0.295150756836,-0.106452941895,2.14929199219,0.0024528503418,-0.0321846008301,-0.144653320312,2017-09-26 11:30:50.816000
97,0.371612548828,0.895843505859,2.18347167969,0.0359687805176,-0.114543914795,0.350433349609,2017-09-26 11:30:50.876000
98,0.0519428253174,0.200164794922,2.12365722656,0.0400714874268,-0.0495319366455,-0.142524719238,2017-09-26 11:30:50.936000
99,0.319259643555,-1.69158935547,1.30444335938,-0.0199823379517,0.042387008667,0.496780395508,2017-09-26 11:30:50.996000
100,0.108764648438,-0.272415161133,2.42907714844,0.00714302062988,0.00278294086456,0.165504455566,2017-09-26 11:30:51.056000
101,-0.0795516967773,-0.43864440918,2.03735351562,-0.0120048522949,0.0738525390625,0.70947265625,2017-09-26 11:30:51.116000
102,-1.67864990234,0.174644470215,1.9765625,0.0639991760254,-0.111408233643,0.133392333984,2017-09-26 11:30:51.176000
103,-1.09149169922,-0.245086669922,2.56921386719,-0.0141520500183,-0.177154541016,0.381652832031,2017-09-26 11:30:51.236000
104,-1.19030761719,-1.05938720703,1.92297363281,-0.0328617095947,-0.101276397705,0.0493202209473,2017-09-26 11:30:51.296000
105,-0.605773925781,-0.215805053711,2.01782226562,0.078182220459,0.0119867324829,0.207427978516,2017-09-26 11:30:51.356000
106,-0.814025878906,0.323547363281,1.76751708984,-0.0896110534668,-0.0846519470215,0.318099975586,2017-09-26 11:30:51.415000
107,-0.212951660156,-0.0542278289795,1.62512207031,-0.0966148376465,-0.0342273712158,0.416244506836,2017-09-26 11:30:51.475000
108,-0.509796142578,0.586242675781,1.9453125,-8.84607434273e-05,-0.0852394104004,0.660919189453,2017-09-26 11:30:51.600000
109,-0.0799217224121,-0.105197906494,1.88598632812,0.0042998790741,-0.12720489502,0.187698364258,2017-09-26 11:30:51.660000
110,-0.458572387695,-0.106266021729,2.15295410156,0.00417757034302,-0.136222839355,0.0839729309082,2017-09-26 11:30:51.720000
111,0.929534912109,0.101146697998,2.53466796875,0.0194406509399,-0.0529689788818,0.265502929688,2017-09-26 11:30:51.780000
112,-0.269729614258,-0.176002502441,2.15454101562,0.0534057617188,-0.0567474365234,0.440399169922,2017-09-26 11:30:51.840000
113,0.192520141602,0.316787719727,1.15881347656,-0.0366058349609,-0.0660972595215,0.0336608886719,2017-09-26 11:30:51.900000
114,0.266540527344,0.316314697266,1.96264648438,-0.0822906494141,0.0358333587646,0.750152587891,2017-09-26 11:30:51.960000
115,-0.465805053711,-1.44287109375,2.7021484375,0.0858154296875,-0.194755554199,0.36051940918,2017-09-26 11:30:52.020000
116,1.05053710938,-0.707794189453,2.10266113281,0.10290145874,-0.159255981445,0.472320556641,2017-09-26 11:30:52.080000
117,-1.24114990234,-0.386764526367,1.77722167969,0.041618347168,-0.156135559082,0.158309936523,2017-09-26 11:30:52.140000
118,-1.77819824219,-0.864715576172,2.05615234375,0.098991394043,0.0395088195801,0.384689331055,2017-09-26 11:30:52.200000
119,-1.05609130859,-1.23260498047,2.27624511719,0.100719451904,-0.156219482422,-0.0366020202637,2017-09-26 11:30:52.260000
120,-0.586883544922,-0.191452026367,2.201171875,-0.0936050415039,-0.0755195617676,0.0626029968262,2017-09-26 11:30:52.320000
121,-0.810791015625,-0.751770019531,2.46447753906,0.0224447250366,-0.0184593200684,0.21662902832,2017-09-26 11:30:52.380000
122,0.92529296875,-0.4052734375,1.904296875,0.0115180015564,0.0229988098145,0.0430717468262,2017-09-26 11:30:52.440000
123,-1.11254882812,-0.465118408203,1.7109375,-0.0361175537109,0.00521540641785,0.402725219727,2017-09-26 11:30:52.500000
124,0.0536041259766,-0.000466644763947,1.73913574219,0.0229301452637,0.0260992050171,-0.074089050293,2017-09-26 11:30:52.560000
125,0.6123046875,-0.0283355712891,2.10278320312,-0.0460720062256,-0.149917602539,-0.00160145759583,2017-09-26 11:30:52.620000
126,-0.131278991699,0.796661376953,1.94555664062,-0.0539531707764,-0.0298128128052,0.304580688477,2017-09-26 11:30:52.680000
127,-0.889099121094,-0.00344467163086,1.87133789062,-0.00160163640976,-0.071159362793,0.290451049805,2017-09-26 11:30:52.740000
128,-0.308441162109,-0.0604000091553,1.62933349609,-0.047887802124,-0.0124483108521,-0.322021484375,2017-09-26 11:30:52.800000
129,0.530303955078,0.31005859375,1.5791015625,-0.0118231773376,-0.0372180938721,0.198829650879,2017-09-26 11:30:52.860000
130,0.814025878906,2.04931640625,1.39593505859,-0.109184265137,0.0553016662598,-0.00235438346863,2017-09-26 11:30:52.920000
131,-0.151863098145,-0.36555480957,2.84643554688,-0.062572479248,0.0191049575806,0.348327636719,2017-09-26 11:30:52.980000
132,-0.00797319412231,0.543365478516,2.22619628906,0.0517807006836,-0.0756568908691,-0.0177822113037,2017-09-26 11:30:53.040000
133,0.227691650391,1.47625732422,2.28454589844,-0.14315032959,0.0559425354004,-0.472015380859,2017-09-26 11:30:53.100000
134,-0.203392028809,0.448760986328,2.087890625,0.0766334533691,-0.152015686035,-0.0532913208008,2017-09-26 11:30:53.160000
135,1.08538818359,-0.300369262695,1.76446533203,-0.0152158737183,0.0011955499649,0.0180759429932,2017-09-26 11:30:53.220000
136,0.775054931641,0.0587577819824,2.14184570312,0.0452842712402,-0.0339679718018,0.229209899902,2017-09-26 11:30:53.280000
137,0.170639038086,-0.340194702148,2.4345703125,0.00937700271606,0.00434374809265,0.373718261719,2017-09-26 11:30:53.340000
138,0.127082824707,1.02264404297,2.18505859375,0.0348663330078,-0.0475101470947,0.10986328125,2017-09-26 11:30:53.400000
139,-1.07495117188,0.250579833984,2.32019042969,-0.0362606048584,-0.09326171875,-0.0651817321777,2017-09-26 11:30:53.460000
140,0.410491943359,-0.677062988281,2.16552734375,-0.0269365310669,0.0174579620361,-0.235153198242,2017-09-26 11:30:53.520000
141,-1.12194824219,-1.05505371094,1.7685546875,-0.0134601593018,-0.0459899902344,-0.0650939941406,2017-09-26 11:30:53.580000
142,0.191368103027,1.28289794922,1.60772705078,-0.0271873474121,-0.0664520263672,-0.112274169922,2017-09-26 11:30:53.640000
143,-0.915557861328,-0.0813980102539,1.73693847656,0.0738563537598,0.0057692527771,0.165489196777,2017-09-26 11:30:53.700000
144,0.770263671875,-0.36833190918,1.76782226562,-0.0136680603027,0.0441036224365,0.513549804688,2017-09-26 11:30:53.760000
145,0.100933074951,-0.810760498047,2.20336914062,-0.0233182907104,0.00331974029541,-0.0387763977051,2017-09-26 11:30:53.820000
146,0.644287109375,-0.490142822266,1.654296875,0.0652351379395,-0.0365505218506,0.300903320312,2017-09-26 11:30:53.880000
147,0.9638671875,-1.15374755859,2.17102050781,0.175132751465,-0.218864440918,0.0141754150391,2017-09-26 11:30:53.940000
148,-0.000819802284241,0.507659912109,1.83349609375,-0.017951965332,-0.0257577896118,-0.0376873016357,2017-09-26 11:30:54
149,-0.202941894531,-0.451675415039,2.04028320312,0.0859565734863,0.0203237533569,-0.000528812408447,2017-09-26 11:30:54.060000
150,-0.796508789062,0.273727416992,1.97662353516,0.0121102333069,-0.0929679870605,-0.133895874023,2017-09-26 11:30:54.120000
151,0.165550231934,-0.72021484375,2.72595214844,0.0688438415527,0.0546836853027,0.303604125977,2017-09-26 11:30:54.180000
152,0.0747146606445,-0.440032958984,2.30847167969,-0.0114469528198,-0.0227270126343,-0.119762420654,2017-09-26 11:30:54.240000
153,-0.328430175781,-0.324020385742,2.16613769531,0.153907775879,0.0684814453125,-0.118740081787,2017-09-26 11:30:54.300000
154,-0.855194091797,0.0909271240234,1.85650634766,0.0923004150391,-0.0673789978027,0.0950622558594,2017-09-26 11:30:54.360000
155,0.952545166016,-0.806793212891,1.95623779297,0.17204284668,-0.0307903289795,-0.21549987793,2017-09-26 11:30:54.420000
156,0.797943115234,-0.525024414062,1.79766845703,0.0442714691162,-0.109413146973,0.354858398438,2017-09-26 11:30:54.480000
157,0.112491607666,-0.504211425781,2.16931152344,-0.0338516235352,0.0556163787842,-0.211654663086,2017-09-26 11:30:54.541000
158,0.446136474609,1.07006835938,1.75030517578,-0.129516601562,-0.00469136238098,-0.128448486328,2017-09-26 11:30:54.602000
159,-0.733062744141,0.0233659744263,1.86700439453,0.0949592590332,-0.140274047852,-0.120376586914,2017-09-26 11:30:54.663000
160,1.89440917969,-0.639923095703,2.1904296875,0.0189476013184,0.0466766357422,0.171432495117,2017-09-26 11:30:54.723000
161,-0.104423522949,-1.75433349609,2.29528808594,0.0614356994629,-0.0539684295654,-0.00119006633759,2017-09-26 11:30:54.782000
162,0.0335807800293,-1.06341552734,2.6259765625,0.105545043945,-0.0244188308716,-0.148612976074,2017-09-26 11:30:54.842000
163,-1.73577880859,0.334396362305,2.24145507812,0.0102047920227,-0.066234588623,-0.0165462493896,2017-09-26 11:30:54.902000
164,-0.0474452972412,-0.181465148926,1.62872314453,0.0567436218262,-0.204010009766,0.230369567871,2017-09-26 11:30:54.962000
165,0.0771255493164,-0.109169006348,1.8837890625,0.0525436401367,-0.149299621582,-0.193244934082,2017-09-26 11:30:55.022000
166,0.493499755859,-0.0787620544434,1.88629150391,0.0982856750488,0.00879621505737,0.0175914764404,2017-09-26 11:30:55.082000
167,-1.28344726562,-0.640472412109,2.01025390625,-0.0286960601807,-0.0523300170898,0.0970497131348,2017-09-26 11:30:55.142000
168,-0.485137939453,0.387588500977,1.56042480469,-0.0170783996582,-0.108821868896,0.485870361328,2017-09-26 11:30:55.202000
169,-0.537811279297,0.546508789062,1.82098388672,0.0276489257812,-0.037073135376,-0.0323925018311,2017-09-26 11:30:55.262000
170,-0.00548839569092,-1.17327880859,3.06457519531,-0.00285494327545,-0.153266906738,0.198394775391,2017-09-26 11:30:55.322000
171,0.109073638916,-0.549713134766,1.78076171875,0.0880508422852,0.0785675048828,-0.0365543365479,2017-09-26 11:30:55.382000
172,0.581604003906,-0.431503295898,2.05773925781,0.135948181152,-0.0637245178223,-0.0323295593262,2017-09-26 11:30:55.442000
173,-0.569183349609,0.442672729492,1.42102050781,0.0541725158691,-0.0855140686035,0.0659675598145,2017-09-26 11:30:55.502000
174,0.458724975586,-0.215553283691,2.29516601562,0.0783233642578,-0.0154747962952,0.215492248535,2017-09-26 11:30:55.562000
175,0.396728515625,1.04217529297,2.55944824219,-0.0861549377441,-0.0828628540039,-0.0513744354248,2017-09-26 11:30:55.622000
176,-1.55834960938,-0.379653930664,2.70178222656,0.00983142852783,0.0131545066833,0.296768188477,2017-09-26 11:30:55.682000
177,1.10473632812,0.18424987793,1.34185791016,0.0908432006836,0.0710182189941,0.273880004883,2017-09-26 11:30:55.742000
178,0.654541015625,-1.64532470703,2.287109375,0.00950574874878,-0.035285949707,-0.359008789062,2017-09-26 11:30:55.802000
179,0.458541870117,-0.301315307617,1.49475097656,-0.0156517028809,0.0365161895752,0.338485717773,2017-09-26 11:30:55.862000
180,-0.867614746094,-1.32916259766,1.51959228516,-0.053804397583,-0.0637702941895,-0.0351600646973,2017-09-26 11:30:55.922000
181,0.675445556641,-0.316131591797,2.03967285156,0.0345859527588,-0.036153793335,0.226173400879,2017-09-26 11:30:55.982000
182,-0.724517822266,-1.56683349609,2.28625488281,0.250122070312,-0.0428600311279,0.0641403198242,2017-09-26 11:30:56.042000
183,-0.648681640625,-0.646820068359,1.91394042969,0.0181837081909,0.0864944458008,-0.126358032227,2017-09-26 11:30:56.102000
184,0.067569732666,-1.14337158203,2.10668945312,0.20677947998,-0.0227737426758,0.117252349854,2017-09-26 11:30:56.162000
185,0.391677856445,-0.551910400391,2.18566894531,0.0651359558105,0.00851345062256,-0.360473632812,2017-09-26 11:30:56.222000
186,-0.167602539062,0.0356197357178,2.53918457031,-0.0272188186646,0.0206890106201,0.0590190887451,2017-09-26 11:30:56.282000
187,-0.374374389648,0.320373535156,1.06512451172,-0.0630722045898,-0.0653686523438,0.208213806152,2017-09-26 11:30:56.342000
188,-0.189735412598,-1.00231933594,2.76354980469,0.0827140808105,-0.0555763244629,0.126365661621,2017-09-26 11:30:56.402000
189,-0.0594749450684,-0.919250488281,2.20227050781,0.0740127563477,0.152412414551,-0.109107971191,2017-09-26 11:30:56.462000
190,1.06860351562,1.66058349609,1.42419433594,-0.0502395629883,0.0869560241699,0.248817443848,2017-09-26 11:30:56.522000
191,-0.564300537109,0.201049804688,1.31762695312,0.0410423278809,0.0367736816406,-0.248321533203,2017-09-26 11:30:56.581000
192,-0.0748672485352,0.272201538086,1.97760009766,0.0606231689453,-0.126037597656,0.133750915527,2017-09-26 11:30:56.640000
193,-0.117771148682,-0.831268310547,2.21374511719,0.0769500732422,-0.0286874771118,0.275970458984,2017-09-26 11:30:56.700000
194,0.0186786651611,-0.434387207031,1.36706542969,-0.0356254577637,0.0516414642334,-0.246337890625,2017-09-26 11:30:56.760000
195,0.628601074219,-0.820190429688,2.07458496094,0.0969314575195,0.0386123657227,-0.17813873291,2017-09-26 11:30:56.820000
196,-0.578369140625,-2.18518066406,2.30529785156,0.11795425415,-0.0100235939026,-0.275665283203,2017-09-26 11:30:56.880000
197,-0.631561279297,-1.23974609375,2.12878417969,-0.0368804931641,0.103267669678,0.151161193848,2017-09-26 11:30:56.940000
198,-1.96197509766,-0.709777832031,1.68328857422,0.0297212600708,-0.101104736328,-0.189994812012,2017-09-26 11:30:57
199,-0.6142578125,-0.707489013672,1.94427490234,0.123783111572,-0.115322113037,0.334838867188,2017-09-26 11:30:57.060000
200,-0.0903091430664,-1.09094238281,2.09045410156,0.0584049224854,-0.00123363733292,0.255569458008,2017-09-26 11:30:57.120000
201,-0.395095825195,-0.598693847656,1.94067382812,0.0254735946655,-0.162841796875,0.264770507812,2017-09-26 11:30:57.180000
202,-0.8330078125,-0.44140625,1.76422119141,0.0363616943359,0.0324726104736,-0.00105583667755,2017-09-26 11:30:57.240000
203,-0.927551269531,-0.590362548828,2.30895996094,0.136154174805,0.158576965332,0.487045288086,2017-09-26 11:30:57.300000
204,0.11644744873,-0.258682250977,2.15014648438,-0.0889511108398,0.00551867485046,0.126678466797,2017-09-26 11:30:57.360000
205,-0.627410888672,-1.34167480469,2.50842285156,0.138778686523,0.0126938819885,0.458450317383,2017-09-26 11:30:57.420000
206,-0.17790222168,-0.604919433594,1.50988769531,-0.00707793235779,0.0980834960938,0.114665985107,2017-09-26 11:30:57.480000
207,-0.990417480469,-0.380111694336,1.90008544922,0.0606918334961,-0.0223989486694,-0.147331237793,2017-09-26 11:30:57.540000
208,-0.169189453125,-0.202117919922,2.02221679688,-0.0190658569336,0.0209989547729,-0.0223016738892,2017-09-26 11:30:57.600000
209,-0.510803222656,-0.161361694336,1.91748046875,-0.0451602935791,-0.0205163955688,0.228157043457,2017-09-26 11:30:57.660000
210,-0.275802612305,-1.12817382812,2.52905273438,0.189002990723,-0.109882354736,0.0144944190979,2017-09-26 11:30:57.720000
211,-0.511627197266,0.0813980102539,2.43359375,-0.0533828735352,-0.0704307556152,-0.334945678711,2017-09-26 11:30:57.780000
212,-0.5263671875,-1.90936279297,2.00952148438,0.106220245361,0.0437145233154,0.136581420898,2017-09-26 11:30:57.840000
213,-1.07946777344,-1.39337158203,2.03918457031,0.112579345703,-0.186027526855,0.416320800781,2017-09-26 11:30:57.900000
214,-0.291275024414,-0.973937988281,1.46392822266,0.0947036743164,-0.169700622559,-0.0368728637695,2017-09-26 11:30:57.960000
215,-0.0506973266602,-0.631622314453,1.95220947266,-0.0188570022583,-0.20760345459,-0.0561370849609,2017-09-26 11:30:58.020000
216,-0.435470581055,-0.762573242188,2.20288085938,0.169052124023,-0.00878047943115,0.318969726562,2017-09-26 11:30:58.080000
217,0.361892700195,-0.540252685547,1.24652099609,-0.00725102424622,0.00923538208008,0.432846069336,2017-09-26 11:30:58.140000
218,-1.65997314453,-0.470275878906,2.04138183594,-0.0887336730957,-0.073600769043,-0.165115356445,2017-09-26 11:30:58.200000
219,0.139785766602,-0.561218261719,1.92791748047,0.115837097168,-0.0480480194092,0.232231140137,2017-09-26 11:30:58.260000
220,0.134384155273,-0.707122802734,2.62023925781,0.148162841797,-0.125106811523,0.112895965576,2017-09-26 11:30:58.320000
221,-0.229644775391,-0.069164276123,2.41333007812,0.000278741121292,0.044412612915,-0.890747070312,2017-09-26 11:30:58.380000
222,-0.214172363281,-0.78076171875,2.333984375,-0.000464990735054,-0.00422215461731,-0.41291809082,2017-09-26 11:30:58.440000
223,0.771606445312,-0.394882202148,2.04992675781,0.13264465332,0.0657653808594,-0.448516845703,2017-09-26 11:30:58.500000
224,-1.02020263672,-0.493103027344,2.70471191406,0.110847473145,0.00365614891052,-0.385009765625,2017-09-26 11:30:58.560000
225,0.609283447266,-0.603607177734,2.19885253906,0.163383483887,0.0629501342773,0.0430679321289,2017-09-26 11:30:58.620000
226,0.597534179688,0.8896484375,2.46435546875,-0.00890636444092,-0.060432434082,-0.135055541992,2017-09-26 11:30:58.680000
227,-0.483612060547,-0.342620849609,1.62512207031,0.0574779510498,0.0653190612793,-0.0778846740723,2017-09-26 11:30:58.740000
228,0.796875,1.01892089844,1.12683105469,-0.00967168807983,-0.00740146636963,0.107189178467,2017-09-26 11:30:58.800000
229,0.166191101074,0.877105712891,1.53869628906,0.018780708313,0.0019348859787,-0.165512084961,2017-09-26 11:30:58.860000
230,0.123149871826,-0.227058410645,2.41333007812,-0.0430812835693,0.155403137207,-0.615295410156,2017-09-26 11:30:58.920000
231,0.0822525024414,-1.52630615234,1.8505859375,0.0218849182129,0.0309944152832,-0.0455760955811,2017-09-26 11:30:58.980000
232,-0.209548950195,-0.396224975586,1.64190673828,-0.0380115509033,0.168533325195,-0.189926147461,2017-09-26 11:30:59.041000
233,-0.142211914062,-0.287689208984,2.17175292969,0.107177734375,-0.129287719727,-0.101879119873,2017-09-26 11:30:59.101000
234,-0.706237792969,-0.0748138427734,2.27966308594,0.0252418518066,-0.066951751709,0.0141711235046,2017-09-26 11:30:59.161000
235,-0.0146460533142,-0.305679321289,1.76245117188,-0.0155081748962,-0.0250072479248,-0.074104309082,2017-09-26 11:30:59.221000
236,-0.94580078125,1.28161621094,2.40270996094,0.0203990936279,-0.0924034118652,-0.260208129883,2017-09-26 11:30:59.281000
237,-0.570373535156,-1.69244384766,2.28588867188,0.107482910156,-0.0631561279297,0.0774192810059,2017-09-26 11:30:59.341000
238,-2.17358398438,-0.00724148750305,1.33422851562,-0.0499286651611,-0.00190025568008,-0.0191230773926,2017-09-26 11:30:59.401000
239,0.0925369262695,-0.090690612793,1.73693847656,-0.0705451965332,0.0792350769043,-0.553375244141,2017-09-26 11:30:59.461000
240,-0.181129455566,-0.800109863281,1.93713378906,0.169372558594,0.0475597381592,-0.308898925781,2017-09-26 11:30:59.521000
241,0.0764808654785,-0.542785644531,1.64031982422,0.0154609680176,0.078441619873,-0.180526733398,2017-09-26 11:30:59.582000
242,-0.289184570312,0.222846984863,2.3896484375,0.135757446289,-0.0564823150635,0.123203277588,2017-09-26 11:30:59.642000
243,-0.294723510742,-0.0696144104004,2.41296386719,0.000378519296646,0.0178556442261,0.0391712188721,2017-09-26 11:30:59.702000
244,-0.32958984375,0.383239746094,1.95916748047,0.0552806854248,-0.130020141602,-0.0193653106689,2017-09-26 11:30:59.762000
245,-1.0654296875,1.01684570312,2.31262207031,0.155395507812,-0.0715522766113,0.0146780014038,2017-09-26 11:30:59.822000
246,0.162651062012,0.397674560547,1.97869873047,0.0587844848633,0.0764770507812,0.0388355255127,2017-09-26 11:30:59.882000
247,-1.06915283203,0.583923339844,1.27880859375,0.0264883041382,-0.0234260559082,-0.20677947998,2017-09-26 11:30:59.942000
248,-0.144676208496,-0.627716064453,1.79248046875,0.140884399414,0.0220346450806,0.360336303711,2017-09-26 11:31:00.002000
249,0.0356941223145,0.7294921875,1.81402587891,-0.12158203125,0.000643253326416,0.0348472595215,2017-09-26 11:31:00.062000
250,0.590209960938,0.121963500977,2.00720214844,0.115943908691,-0.0144762992859,0.114715576172,2017-09-26 11:31:00.122000
251,-0.765197753906,-0.148277282715,1.74780273438,0.077449798584,-0.0912857055664,0.181991577148,2017-09-26 11:31:00.182000
252,0.132049560547,1.01031494141,2.19738769531,0.0382175445557,-0.0242204666138,0.249244689941,2017-09-26 11:31:00.242000
253,0.0489330291748,-0.720764160156,1.70092773438,0.0826377868652,-0.209648132324,0.0865364074707,2017-09-26 11:31:00.302000
254,-0.374740600586,0.647796630859,1.41369628906,1.77249312401e-05,-0.0336742401123,0.192459106445,2017-09-26 11:31:00.362000
255,-1.08306884766,0.659332275391,3.00012207031,0.0444641113281,-0.147171020508,0.248474121094,2017-09-26 11:31:00.422000
256,0.141571044922,-1.63494873047,2.39392089844,0.0733070373535,0.0317974090576,-0.668762207031,2017-09-26 11:31:00.482000
257,0.406066894531,1.45965576172,2.16882324219,-0.0226984024048,0.0552864074707,0.0484046936035,2017-09-26 11:31:00.541000
258,0.840972900391,0.227958679199,2.6640625,0.0394077301025,-0.00788974761963,-0.0905113220215,2017-09-26 11:31:00.600000
259,-1.02233886719,-0.594116210938,2.4453125,0.114151000977,-0.0210399627686,0.271408081055,2017-09-26 11:31:00.659000
260,-0.0739212036133,-0.258712768555,1.89764404297,0.152618408203,0.0483551025391,-0.205642700195,2017-09-26 11:31:00.719000
261,-0.879058837891,0.436798095703,2.23278808594,0.0566082000732,0.0295476913452,-0.245399475098,2017-09-26 11:31:00.779000
262,-1.05017089844,0.173896789551,1.583984375,-0.00806570053101,-0.098690032959,0.22191619873,2017-09-26 11:31:00.839000
263,0.385391235352,0.261627197266,2.0810546875,-0.105632781982,-0.106651306152,-0.0537509918213,2017-09-26 11:31:00.899000
264,-0.290130615234,0.237648010254,2.119140625,-0.00984716415405,-0.0568332672119,-0.222885131836,2017-09-26 11:31:00.959000
265,-0.107955932617,-0.250854492188,2.42797851562,0.103260040283,-0.028148651123,0.273284912109,2017-09-26 11:31:01.019000
266,0.507537841797,-0.96240234375,2.36022949219,0.00912094116211,-0.0634765625,0.493774414062,2017-09-26 11:31:01.079000
267,-0.973266601562,0.571197509766,1.96069335938,0.00373005867004,0.000920236110687,0.0164413452148,2017-09-26 11:31:01.139000
268,-0.0557346343994,-0.834167480469,2.34912109375,0.101093292236,-0.0525894165039,0.0615768432617,2017-09-26 11:31:01.199000
269,0.479293823242,-0.437866210938,2.40869140625,-0.0354518890381,0.0702857971191,-0.166038513184,2017-09-26 11:31:01.259000
270,0.386932373047,0.281021118164,1.95318603516,-0.0351829528809,-0.0831832885742,0.248268127441,2017-09-26 11:31:01.319000
271,-0.327484130859,-0.289123535156,2.830078125,0.128463745117,0.0171222686768,0.19100189209,2017-09-26 11:31:01.379000
272,-0.10848236084,-0.174873352051,1.75592041016,0.0302133560181,-0.0782814025879,-0.165893554688,2017-09-26 11:31:01.439000
273,-0.164527893066,-1.56976318359,2.52941894531,0.0978660583496,-0.0272941589355,-0.212944030762,2017-09-26 11:31:01.499000
274,0.373001098633,-1.29418945312,2.36364746094,0.0622463226318,0.0869979858398,0.413726806641,2017-09-26 11:31:01.559000
275,-0.808563232422,-1.15649414062,2.12329101562,0.165588378906,-0.095760345459,-0.152252197266,2017-09-26 11:31:01.619000
276,0.321258544922,-0.794097900391,1.81146240234,0.0516223907471,-0.0689468383789,-0.0504817962646,2017-09-26 11:31:01.679000
